0.25,0,0,0,0,0,0,0,0,0,0,0,0,0,0,0.25,0.25,0.25,0.15500000000000003
0,0.25,0,0,0,0,0,0,0,0,0,0,0,0,0,0.25,0.25,0.25,0.15500000000000003
0,0,0.25,0,0,0,0,0,0,0,0,0,0,0,0,0.25,0.25,0.25,0.15500000000000003
0,0,0,0.25,0,0,0,0,0,0,0,0,0,0,0,0.25,0.25,0.25,0.15500000000000003
0,0,0,0,0.25,0,0,0,0,0,0,0,0,0,0,0.25,0.25,0.25,0.15500000000000003
0,0,0,0,0,0.25,0,0,0,0,0,0,0,0,0,0.25,0.25,0.25,0.15500000000000003
0,0,0,0,0,0,0.25,0,0,0,0,0,0,0,0,0.25,0.25,0.25,0.15500000000000003
0,0,0,0,0,0,0,0.25,0,0,0,0,0,0,0,0.25,0.25,0.25,0.15500000000000003
0,0,0,0,0,0,0,0,0.25,0,0,0,0,0,0,0.25,0.25,0.25,0.15500000000000003
0,0,0,0,0,0,0,0,0,0.25,0,0,0,0,0,0.25,0.25,0.25,0.15500000000000003
0,0,0,0,0,0,0,0,0,0,0.25,0,0,0,0,0.25,0.25,0.25,0.15500000000000003
0,0,0,0,0,0,0,0,0,0,0,0.25,0,0,0,0.25,0.25,0.25,0.15500000000000003
0,0,0,0,0,0,0,0,0,0,0,0,0.25,0,0,0.25,0.25,0.25,0.15500000000000003
0,0,0,0,0,0,0,0,0,0,0,0,0,0.25,0,0.25,0.25,0.25,0.15500000000000003
0,0,0,0,0,0,0,0,0,0,0,0,0,0,0.25,0.25,0.25,0.25,0.15500000000000003
0.25,0,0,0,0,0,0,0,0,0,0,0,0,0,0,0.25,0.5,0.25,0.23
0,0.25,0,0,0,0,0,0,0,0,0,0,0,0,0,0.25,0.5,0.25,0.23
0,0,0.25,0,0,0,0,0,0,0,0,0,0,0,0,0.25,0.5,0.25,0.23
0,0,0,0.25,0,0,0,0,0,0,0,0,0,0,0,0.25,0.5,0.25,0.23
0,0,0,0,0.25,0,0,0,0,0,0,0,0,0,0,0.25,0.5,0.25,0.23
0,0,0,0,0,0.25,0,0,0,0,0,0,0,0,0,0.25,0.5,0.25,0.23
0,0,0,0,0,0,0.25,0,0,0,0,0,0,0,0,0.25,0.5,0.25,0.23
0,0,0,0,0,0,0,0.25,0,0,0,0,0,0,0,0.25,0.5,0.25,0.23
0,0,0,0,0,0,0,0,0.25,0,0,0,0,0,0,0.25,0.5,0.25,0.23
0,0,0,0,0,0,0,0,0,0.25,0,0,0,0,0,0.25,0.5,0.25,0.23
0,0,0,0,0,0,0,0,0,0,0.25,0,0,0,0,0.25,0.5,0.25,0.23
0,0,0,0,0,0,0,0,0,0,0,0.25,0,0,0,0.25,0.5,0.25,0.23
0,0,0,0,0,0,0,0,0,0,0,0,0.25,0,0,0.25,0.5,0.25,0.23
0,0,0,0,0,0,0,0,0,0,0,0,0,0.25,0,0.25,0.5,0.25,0.23
0,0,0,0,0,0,0,0,0,0,0,0,0,0,0.25,0.25,0.5,0.25,0.23
0.25,0,0,0,0,0,0,0,0,0,0,0,0,0,0,0.25,0.75,0.25,0.305
0,0.25,0,0,0,0,0,0,0,0,0,0,0,0,0,0.25,0.75,0.25,0.305
0,0,0.25,0,0,0,0,0,0,0,0,0,0,0,0,0.25,0.75,0.25,0.305
0,0,0,0.25,0,0,0,0,0,0,0,0,0,0,0,0.25,0.75,0.25,0.305
0,0,0,0,0.25,0,0,0,0,0,0,0,0,0,0,0.25,0.75,0.25,0.305
0,0,0,0,0,0.25,0,0,0,0,0,0,0,0,0,0.25,0.75,0.25,0.305
0,0,0,0,0,0,0.25,0,0,0,0,0,0,0,0,0.25,0.75,0.25,0.305
0,0,0,0,0,0,0,0.25,0,0,0,0,0,0,0,0.25,0.75,0.25,0.305
0,0,0,0,0,0,0,0,0.25,0,0,0,0,0,0,0.25,0.75,0.25,0.305
0,0,0,0,0,0,0,0,0,0.25,0,0,0,0,0,0.25,0.75,0.25,0.305
0,0,0,0,0,0,0,0,0,0,0.25,0,0,0,0,0.25,0.75,0.25,0.305
0,0,0,0,0,0,0,0,0,0,0,0.25,0,0,0,0.25,0.75,0.25,0.305
0,0,0,0,0,0,0,0,0,0,0,0,0.25,0,0,0.25,0.75,0.25,0.305
0,0,0,0,0,0,0,0,0,0,0,0,0,0.25,0,0.25,0.75,0.25,0.305
0,0,0,0,0,0,0,0,0,0,0,0,0,0,0.25,0.25,0.75,0.25,0.305
0.25,0,0,0,0,0,0,0,0,0,0,0,0,0,0,0.25,1.0,0.25,0.38
0,0.25,0,0,0,0,0,0,0,0,0,0,0,0,0,0.25,1.0,0.25,0.38
0,0,0.25,0,0,0,0,0,0,0,0,0,0,0,0,0.25,1.0,0.25,0.38
0,0,0,0.25,0,0,0,0,0,0,0,0,0,0,0,0.25,1.0,0.25,0.38
0,0,0,0,0.25,0,0,0,0,0,0,0,0,0,0,0.25,1.0,0.25,0.38
0,0,0,0,0,0.25,0,0,0,0,0,0,0,0,0,0.25,1.0,0.25,0.38
0,0,0,0,0,0,0.25,0,0,0,0,0,0,0,0,0.25,1.0,0.25,0.38
0,0,0,0,0,0,0,0.25,0,0,0,0,0,0,0,0.25,1.0,0.25,0.38
0,0,0,0,0,0,0,0,0.25,0,0,0,0,0,0,0.25,1.0,0.25,0.38
0,0,0,0,0,0,0,0,0,0.25,0,0,0,0,0,0.25,1.0,0.25,0.38
0,0,0,0,0,0,0,0,0,0,0.25,0,0,0,0,0.25,1.0,0.25,0.38
0,0,0,0,0,0,0,0,0,0,0,0.25,0,0,0,0.25,1.0,0.25,0.38
0,0,0,0,0,0,0,0,0,0,0,0,0.25,0,0,0.25,1.0,0.25,0.38
0,0,0,0,0,0,0,0,0,0,0,0,0,0.25,0,0.25,1.0,0.25,0.38
0,0,0,0,0,0,0,0,0,0,0,0,0,0,0.25,0.25,1.0,0.25,0.38
0.25,0,0,0,0,0,0,0,0,0,0,0,0,0,0,0.25,0.25,0.5,0.18
0,0.25,0,0,0,0,0,0,0,0,0,0,0,0,0,0.25,0.25,0.5,0.18
0,0,0.25,0,0,0,0,0,0,0,0,0,0,0,0,0.25,0.25,0.5,0.18
0,0,0,0.25,0,0,0,0,0,0,0,0,0,0,0,0.25,0.25,0.5,0.18
0,0,0,0,0.25,0,0,0,0,0,0,0,0,0,0,0.25,0.25,0.5,0.18
0,0,0,0,0,0.25,0,0,0,0,0,0,0,0,0,0.25,0.25,0.5,0.18
0,0,0,0,0,0,0.25,0,0,0,0,0,0,0,0,0.25,0.25,0.5,0.18
0,0,0,0,0,0,0,0.25,0,0,0,0,0,0,0,0.25,0.25,0.5,0.18
0,0,0,0,0,0,0,0,0.25,0,0,0,0,0,0,0.25,0.25,0.5,0.18
0,0,0,0,0,0,0,0,0,0.25,0,0,0,0,0,0.25,0.25,0.5,0.18
0,0,0,0,0,0,0,0,0,0,0.25,0,0,0,0,0.25,0.25,0.5,0.18
0,0,0,0,0,0,0,0,0,0,0,0.25,0,0,0,0.25,0.25,0.5,0.18
0,0,0,0,0,0,0,0,0,0,0,0,0.25,0,0,0.25,0.25,0.5,0.18
0,0,0,0,0,0,0,0,0,0,0,0,0,0.25,0,0.25,0.25,0.5,0.18
0,0,0,0,0,0,0,0,0,0,0,0,0,0,0.25,0.25,0.25,0.5,0.18
0.25,0,0,0,0,0,0,0,0,0,0,0,0,0,0,0.25,0.5,0.5,0.255
0,0.25,0,0,0,0,0,0,0,0,0,0,0,0,0,0.25,0.5,0.5,0.255
0,0,0.25,0,0,0,0,0,0,0,0,0,0,0,0,0.25,0.5,0.5,0.255
0,0,0,0.25,0,0,0,0,0,0,0,0,0,0,0,0.25,0.5,0.5,0.255
0,0,0,0,0.25,0,0,0,0,0,0,0,0,0,0,0.25,0.5,0.5,0.255
0,0,0,0,0,0.25,0,0,0,0,0,0,0,0,0,0.25,0.5,0.5,0.255
0,0,0,0,0,0,0.25,0,0,0,0,0,0,0,0,0.25,0.5,0.5,0.255
0,0,0,0,0,0,0,0.25,0,0,0,0,0,0,0,0.25,0.5,0.5,0.255
0,0,0,0,0,0,0,0,0.25,0,0,0,0,0,0,0.25,0.5,0.5,0.255
0,0,0,0,0,0,0,0,0,0.25,0,0,0,0,0,0.25,0.5,0.5,0.255
0,0,0,0,0,0,0,0,0,0,0.25,0,0,0,0,0.25,0.5,0.5,0.255
0,0,0,0,0,0,0,0,0,0,0,0.25,0,0,0,0.25,0.5,0.5,0.255
0,0,0,0,0,0,0,0,0,0,0,0,0.25,0,0,0.25,0.5,0.5,0.255
0,0,0,0,0,0,0,0,0,0,0,0,0,0.25,0,0.25,0.5,0.5,0.255
0,0,0,0,0,0,0,0,0,0,0,0,0,0,0.25,0.25,0.5,0.5,0.255
0.25,0,0,0,0,0,0,0,0,0,0,0,0,0,0,0.25,0.75,0.5,0.32999999999999996
0,0.25,0,0,0,0,0,0,0,0,0,0,0,0,0,0.25,0.75,0.5,0.32999999999999996
0,0,0.25,0,0,0,0,0,0,0,0,0,0,0,0,0.25,0.75,0.5,0.32999999999999996
0,0,0,0.25,0,0,0,0,0,0,0,0,0,0,0,0.25,0.75,0.5,0.32999999999999996
0,0,0,0,0.25,0,0,0,0,0,0,0,0,0,0,0.25,0.75,0.5,0.32999999999999996
0,0,0,0,0,0.25,0,0,0,0,0,0,0,0,0,0.25,0.75,0.5,0.32999999999999996
0,0,0,0,0,0,0.25,0,0,0,0,0,0,0,0,0.25,0.75,0.5,0.32999999999999996
0,0,0,0,0,0,0,0.25,0,0,0,0,0,0,0,0.25,0.75,0.5,0.32999999999999996
0,0,0,0,0,0,0,0,0.25,0,0,0,0,0,0,0.25,0.75,0.5,0.32999999999999996
0,0,0,0,0,0,0,0,0,0.25,0,0,0,0,0,0.25,0.75,0.5,0.32999999999999996
0,0,0,0,0,0,0,0,0,0,0.25,0,0,0,0,0.25,0.75,0.5,0.32999999999999996
0,0,0,0,0,0,0,0,0,0,0,0.25,0,0,0,0.25,0.75,0.5,0.32999999999999996
0,0,0,0,0,0,0,0,0,0,0,0,0.25,0,0,0.25,0.75,0.5,0.32999999999999996
0,0,0,0,0,0,0,0,0,0,0,0,0,0.25,0,0.25,0.75,0.5,0.32999999999999996
0,0,0,0,0,0,0,0,0,0,0,0,0,0,0.25,0.25,0.75,0.5,0.32999999999999996
0.25,0,0,0,0,0,0,0,0,0,0,0,0,0,0,0.25,1.0,0.5,0.405
0,0.25,0,0,0,0,0,0,0,0,0,0,0,0,0,0.25,1.0,0.5,0.405
0,0,0.25,0,0,0,0,0,0,0,0,0,0,0,0,0.25,1.0,0.5,0.405
0,0,0,0.25,0,0,0,0,0,0,0,0,0,0,0,0.25,1.0,0.5,0.405
0,0,0,0,0.25,0,0,0,0,0,0,0,0,0,0,0.25,1.0,0.5,0.405
0,0,0,0,0,0.25,0,0,0,0,0,0,0,0,0,0.25,1.0,0.5,0.405
0,0,0,0,0,0,0.25,0,0,0,0,0,0,0,0,0.25,1.0,0.5,0.405
0,0,0,0,0,0,0,0.25,0,0,0,0,0,0,0,0.25,1.0,0.5,0.405
0,0,0,0,0,0,0,0,0.25,0,0,0,0,0,0,0.25,1.0,0.5,0.405
0,0,0,0,0,0,0,0,0,0.25,0,0,0,0,0,0.25,1.0,0.5,0.405
0,0,0,0,0,0,0,0,0,0,0.25,0,0,0,0,0.25,1.0,0.5,0.405
0,0,0,0,0,0,0,0,0,0,0,0.25,0,0,0,0.25,1.0,0.5,0.405
0,0,0,0,0,0,0,0,0,0,0,0,0.25,0,0,0.25,1.0,0.5,0.405
0,0,0,0,0,0,0,0,0,0,0,0,0,0.25,0,0.25,1.0,0.5,0.405
0,0,0,0,0,0,0,0,0,0,0,0,0,0,0.25,0.25,1.0,0.5,0.405
0.25,0,0,0,0,0,0,0,0,0,0,0,0,0,0,0.25,0.25,0.75,0.20500000000000002
0,0.25,0,0,0,0,0,0,0,0,0,0,0,0,0,0.25,0.25,0.75,0.20500000000000002
0,0,0.25,0,0,0,0,0,0,0,0,0,0,0,0,0.25,0.25,0.75,0.20500000000000002
0,0,0,0.25,0,0,0,0,0,0,0,0,0,0,0,0.25,0.25,0.75,0.20500000000000002
0,0,0,0,0.25,0,0,0,0,0,0,0,0,0,0,0.25,0.25,0.75,0.20500000000000002
0,0,0,0,0,0.25,0,0,0,0,0,0,0,0,0,0.25,0.25,0.75,0.20500000000000002
0,0,0,0,0,0,0.25,0,0,0,0,0,0,0,0,0.25,0.25,0.75,0.20500000000000002
0,0,0,0,0,0,0,0.25,0,0,0,0,0,0,0,0.25,0.25,0.75,0.20500000000000002
0,0,0,0,0,0,0,0,0.25,0,0,0,0,0,0,0.25,0.25,0.75,0.20500000000000002
0,0,0,0,0,0,0,0,0,0.25,0,0,0,0,0,0.25,0.25,0.75,0.20500000000000002
0,0,0,0,0,0,0,0,0,0,0.25,0,0,0,0,0.25,0.25,0.75,0.20500000000000002
0,0,0,0,0,0,0,0,0,0,0,0.25,0,0,0,0.25,0.25,0.75,0.20500000000000002
0,0,0,0,0,0,0,0,0,0,0,0,0.25,0,0,0.25,0.25,0.75,0.20500000000000002
0,0,0,0,0,0,0,0,0,0,0,0,0,0.25,0,0.25,0.25,0.75,0.20500000000000002
0,0,0,0,0,0,0,0,0,0,0,0,0,0,0.25,0.25,0.25,0.75,0.20500000000000002
0.25,0,0,0,0,0,0,0,0,0,0,0,0,0,0,0.25,0.5,0.75,0.28
0,0.25,0,0,0,0,0,0,0,0,0,0,0,0,0,0.25,0.5,0.75,0.28
0,0,0.25,0,0,0,0,0,0,0,0,0,0,0,0,0.25,0.5,0.75,0.28
0,0,0,0.25,0,0,0,0,0,0,0,0,0,0,0,0.25,0.5,0.75,0.28
0,0,0,0,0.25,0,0,0,0,0,0,0,0,0,0,0.25,0.5,0.75,0.28
0,0,0,0,0,0.25,0,0,0,0,0,0,0,0,0,0.25,0.5,0.75,0.28
0,0,0,0,0,0,0.25,0,0,0,0,0,0,0,0,0.25,0.5,0.75,0.28
0,0,0,0,0,0,0,0.25,0,0,0,0,0,0,0,0.25,0.5,0.75,0.28
0,0,0,0,0,0,0,0,0.25,0,0,0,0,0,0,0.25,0.5,0.75,0.28
0,0,0,0,0,0,0,0,0,0.25,0,0,0,0,0,0.25,0.5,0.75,0.28
0,0,0,0,0,0,0,0,0,0,0.25,0,0,0,0,0.25,0.5,0.75,0.28
0,0,0,0,0,0,0,0,0,0,0,0.25,0,0,0,0.25,0.5,0.75,0.28
0,0,0,0,0,0,0,0,0,0,0,0,0.25,0,0,0.25,0.5,0.75,0.28
0,0,0,0,0,0,0,0,0,0,0,0,0,0.25,0,0.25,0.5,0.75,0.28
0,0,0,0,0,0,0,0,0,0,0,0,0,0,0.25,0.25,0.5,0.75,0.28
0.25,0,0,0,0,0,0,0,0,0,0,0,0,0,0,0.25,0.75,0.75,0.355
0,0.25,0,0,0,0,0,0,0,0,0,0,0,0,0,0.25,0.75,0.75,0.355
0,0,0.25,0,0,0,0,0,0,0,0,0,0,0,0,0.25,0.75,0.75,0.355
0,0,0,0.25,0,0,0,0,0,0,0,0,0,0,0,0.25,0.75,0.75,0.355
0,0,0,0,0.25,0,0,0,0,0,0,0,0,0,0,0.25,0.75,0.75,0.355
0,0,0,0,0,0.25,0,0,0,0,0,0,0,0,0,0.25,0.75,0.75,0.355
0,0,0,0,0,0,0.25,0,0,0,0,0,0,0,0,0.25,0.75,0.75,0.355
0,0,0,0,0,0,0,0.25,0,0,0,0,0,0,0,0.25,0.75,0.75,0.355
0,0,0,0,0,0,0,0,0.25,0,0,0,0,0,0,0.25,0.75,0.75,0.355
0,0,0,0,0,0,0,0,0,0.25,0,0,0,0,0,0.25,0.75,0.75,0.355
0,0,0,0,0,0,0,0,0,0,0.25,0,0,0,0,0.25,0.75,0.75,0.355
0,0,0,0,0,0,0,0,0,0,0,0.25,0,0,0,0.25,0.75,0.75,0.355
0,0,0,0,0,0,0,0,0,0,0,0,0.25,0,0,0.25,0.75,0.75,0.355
0,0,0,0,0,0,0,0,0,0,0,0,0,0.25,0,0.25,0.75,0.75,0.355
0,0,0,0,0,0,0,0,0,0,0,0,0,0,0.25,0.25,0.75,0.75,0.355
0.25,0,0,0,0,0,0,0,0,0,0,0,0,0,0,0.25,1.0,0.75,0.43
0,0.25,0,0,0,0,0,0,0,0,0,0,0,0,0,0.25,1.0,0.75,0.43
0,0,0.25,0,0,0,0,0,0,0,0,0,0,0,0,0.25,1.0,0.75,0.43
0,0,0,0.25,0,0,0,0,0,0,0,0,0,0,0,0.25,1.0,0.75,0.43
0,0,0,0,0.25,0,0,0,0,0,0,0,0,0,0,0.25,1.0,0.75,0.43
0,0,0,0,0,0.25,0,0,0,0,0,0,0,0,0,0.25,1.0,0.75,0.43
0,0,0,0,0,0,0.25,0,0,0,0,0,0,0,0,0.25,1.0,0.75,0.43
0,0,0,0,0,0,0,0.25,0,0,0,0,0,0,0,0.25,1.0,0.75,0.43
0,0,0,0,0,0,0,0,0.25,0,0,0,0,0,0,0.25,1.0,0.75,0.43
0,0,0,0,0,0,0,0,0,0.25,0,0,0,0,0,0.25,1.0,0.75,0.43
0,0,0,0,0,0,0,0,0,0,0.25,0,0,0,0,0.25,1.0,0.75,0.43
0,0,0,0,0,0,0,0,0,0,0,0.25,0,0,0,0.25,1.0,0.75,0.43
0,0,0,0,0,0,0,0,0,0,0,0,0.25,0,0,0.25,1.0,0.75,0.43
0,0,0,0,0,0,0,0,0,0,0,0,0,0.25,0,0.25,1.0,0.75,0.43
0,0,0,0,0,0,0,0,0,0,0,0,0,0,0.25,0.25,1.0,0.75,0.43
0.25,0,0,0,0,0,0,0,0,0,0,0,0,0,0,0.25,0.25,1.0,0.23000000000000004
0,0.25,0,0,0,0,0,0,0,0,0,0,0,0,0,0.25,0.25,1.0,0.23000000000000004
0,0,0.25,0,0,0,0,0,0,0,0,0,0,0,0,0.25,0.25,1.0,0.23000000000000004
0,0,0,0.25,0,0,0,0,0,0,0,0,0,0,0,0.25,0.25,1.0,0.23000000000000004
0,0,0,0,0.25,0,0,0,0,0,0,0,0,0,0,0.25,0.25,1.0,0.23000000000000004
0,0,0,0,0,0.25,0,0,0,0,0,0,0,0,0,0.25,0.25,1.0,0.23000000000000004
0,0,0,0,0,0,0.25,0,0,0,0,0,0,0,0,0.25,0.25,1.0,0.23000000000000004
0,0,0,0,0,0,0,0.25,0,0,0,0,0,0,0,0.25,0.25,1.0,0.23000000000000004
0,0,0,0,0,0,0,0,0.25,0,0,0,0,0,0,0.25,0.25,1.0,0.23000000000000004
0,0,0,0,0,0,0,0,0,0.25,0,0,0,0,0,0.25,0.25,1.0,0.23000000000000004
0,0,0,0,0,0,0,0,0,0,0.25,0,0,0,0,0.25,0.25,1.0,0.23000000000000004
0,0,0,0,0,0,0,0,0,0,0,0.25,0,0,0,0.25,0.25,1.0,0.23000000000000004
0,0,0,0,0,0,0,0,0,0,0,0,0.25,0,0,0.25,0.25,1.0,0.23000000000000004
0,0,0,0,0,0,0,0,0,0,0,0,0,0.25,0,0.25,0.25,1.0,0.23000000000000004
0,0,0,0,0,0,0,0,0,0,0,0,0,0,0.25,0.25,0.25,1.0,0.23000000000000004
0.25,0,0,0,0,0,0,0,0,0,0,0,0,0,0,0.25,0.5,1.0,0.30500000000000005
0,0.25,0,0,0,0,0,0,0,0,0,0,0,0,0,0.25,0.5,1.0,0.30500000000000005
0,0,0.25,0,0,0,0,0,0,0,0,0,0,0,0,0.25,0.5,1.0,0.30500000000000005
0,0,0,0.25,0,0,0,0,0,0,0,0,0,0,0,0.25,0.5,1.0,0.30500000000000005
0,0,0,0,0.25,0,0,0,0,0,0,0,0,0,0,0.25,0.5,1.0,0.30500000000000005
0,0,0,0,0,0.25,0,0,0,0,0,0,0,0,0,0.25,0.5,1.0,0.30500000000000005
0,0,0,0,0,0,0.25,0,0,0,0,0,0,0,0,0.25,0.5,1.0,0.30500000000000005
0,0,0,0,0,0,0,0.25,0,0,0,0,0,0,0,0.25,0.5,1.0,0.30500000000000005
0,0,0,0,0,0,0,0,0.25,0,0,0,0,0,0,0.25,0.5,1.0,0.30500000000000005
0,0,0,0,0,0,0,0,0,0.25,0,0,0,0,0,0.25,0.5,1.0,0.30500000000000005
0,0,0,0,0,0,0,0,0,0,0.25,0,0,0,0,0.25,0.5,1.0,0.30500000000000005
0,0,0,0,0,0,0,0,0,0,0,0.25,0,0,0,0.25,0.5,1.0,0.30500000000000005
0,0,0,0,0,0,0,0,0,0,0,0,0.25,0,0,0.25,0.5,1.0,0.30500000000000005
0,0,0,0,0,0,0,0,0,0,0,0,0,0.25,0,0.25,0.5,1.0,0.30500000000000005
0,0,0,0,0,0,0,0,0,0,0,0,0,0,0.25,0.25,0.5,1.0,0.30500000000000005
0.25,0,0,0,0,0,0,0,0,0,0,0,0,0,0,0.25,0.75,1.0,0.38
0,0.25,0,0,0,0,0,0,0,0,0,0,0,0,0,0.25,0.75,1.0,0.38
0,0,0.25,0,0,0,0,0,0,0,0,0,0,0,0,0.25,0.75,1.0,0.38
0,0,0,0.25,0,0,0,0,0,0,0,0,0,0,0,0.25,0.75,1.0,0.38
0,0,0,0,0.25,0,0,0,0,0,0,0,0,0,0,0.25,0.75,1.0,0.38
0,0,0,0,0,0.25,0,0,0,0,0,0,0,0,0,0.25,0.75,1.0,0.38
0,0,0,0,0,0,0.25,0,0,0,0,0,0,0,0,0.25,0.75,1.0,0.38
0,0,0,0,0,0,0,0.25,0,0,0,0,0,0,0,0.25,0.75,1.0,0.38
0,0,0,0,0,0,0,0,0.25,0,0,0,0,0,0,0.25,0.75,1.0,0.38
0,0,0,0,0,0,0,0,0,0.25,0,0,0,0,0,0.25,0.75,1.0,0.38
0,0,0,0,0,0,0,0,0,0,0.25,0,0,0,0,0.25,0.75,1.0,0.38
0,0,0,0,0,0,0,0,0,0,0,0.25,0,0,0,0.25,0.75,1.0,0.38
0,0,0,0,0,0,0,0,0,0,0,0,0.25,0,0,0.25,0.75,1.0,0.38
0,0,0,0,0,0,0,0,0,0,0,0,0,0.25,0,0.25,0.75,1.0,0.38
0,0,0,0,0,0,0,0,0,0,0,0,0,0,0.25,0.25,0.75,1.0,0.38
0.25,0,0,0,0,0,0,0,0,0,0,0,0,0,0,0.25,1.0,1.0,0.455
0,0.25,0,0,0,0,0,0,0,0,0,0,0,0,0,0.25,1.0,1.0,0.455
0,0,0.25,0,0,0,0,0,0,0,0,0,0,0,0,0.25,1.0,1.0,0.455
0,0,0,0.25,0,0,0,0,0,0,0,0,0,0,0,0.25,1.0,1.0,0.455
0,0,0,0,0.25,0,0,0,0,0,0,0,0,0,0,0.25,1.0,1.0,0.455
0,0,0,0,0,0.25,0,0,0,0,0,0,0,0,0,0.25,1.0,1.0,0.455
0,0,0,0,0,0,0.25,0,0,0,0,0,0,0,0,0.25,1.0,1.0,0.455
0,0,0,0,0,0,0,0.25,0,0,0,0,0,0,0,0.25,1.0,1.0,0.455
0,0,0,0,0,0,0,0,0.25,0,0,0,0,0,0,0.25,1.0,1.0,0.455
0,0,0,0,0,0,0,0,0,0.25,0,0,0,0,0,0.25,1.0,1.0,0.455
0,0,0,0,0,0,0,0,0,0,0.25,0,0,0,0,0.25,1.0,1.0,0.455
0,0,0,0,0,0,0,0,0,0,0,0.25,0,0,0,0.25,1.0,1.0,0.455
0,0,0,0,0,0,0,0,0,0,0,0,0.25,0,0,0.25,1.0,1.0,0.455
0,0,0,0,0,0,0,0,0,0,0,0,0,0.25,0,0.25,1.0,1.0,0.455
0,0,0,0,0,0,0,0,0,0,0,0,0,0,0.25,0.25,1.0,1.0,0.455
0.5,0,0,0,0,0,0,0,0,0,0,0,0,0,0,0.5,0.25,0.25,0.21000000000000002
0,0.5,0,0,0,0,0,0,0,0,0,0,0,0,0,0.5,0.25,0.25,0.21000000000000002
0,0,0.5,0,0,0,0,0,0,0,0,0,0,0,0,0.5,0.25,0.25,0.21000000000000002
0,0,0,0.5,0,0,0,0,0,0,0,0,0,0,0,0.5,0.25,0.25,0.21000000000000002
0,0,0,0,0.5,0,0,0,0,0,0,0,0,0,0,0.5,0.25,0.25,0.21000000000000002
0,0,0,0,0,0.5,0,0,0,0,0,0,0,0,0,0.5,0.25,0.25,0.21000000000000002
0,0,0,0,0,0,0.5,0,0,0,0,0,0,0,0,0.5,0.25,0.25,0.21000000000000002
0,0,0,0,0,0,0,0.5,0,0,0,0,0,0,0,0.5,0.25,0.25,0.21000000000000002
0,0,0,0,0,0,0,0,0.5,0,0,0,0,0,0,0.5,0.25,0.25,0.21000000000000002
0,0,0,0,0,0,0,0,0,0.5,0,0,0,0,0,0.5,0.25,0.25,0.21000000000000002
0,0,0,0,0,0,0,0,0,0,0.5,0,0,0,0,0.5,0.25,0.25,0.21000000000000002
0,0,0,0,0,0,0,0,0,0,0,0.5,0,0,0,0.5,0.25,0.25,0.21000000000000002
0,0,0,0,0,0,0,0,0,0,0,0,0.5,0,0,0.5,0.25,0.25,0.21000000000000002
0,0,0,0,0,0,0,0,0,0,0,0,0,0.5,0,0.5,0.25,0.25,0.21000000000000002
0,0,0,0,0,0,0,0,0,0,0,0,0,0,0.5,0.5,0.25,0.25,0.21000000000000002
0.5,0,0,0,0,0,0,0,0,0,0,0,0,0,0,0.5,0.5,0.25,0.28500000000000003
0,0.5,0,0,0,0,0,0,0,0,0,0,0,0,0,0.5,0.5,0.25,0.28500000000000003
0,0,0.5,0,0,0,0,0,0,0,0,0,0,0,0,0.5,0.5,0.25,0.28500000000000003
0,0,0,0.5,0,0,0,0,0,0,0,0,0,0,0,0.5,0.5,0.25,0.28500000000000003
0,0,0,0,0.5,0,0,0,0,0,0,0,0,0,0,0.5,0.5,0.25,0.28500000000000003
0,0,0,0,0,0.5,0,0,0,0,0,0,0,0,0,0.5,0.5,0.25,0.28500000000000003
0,0,0,0,0,0,0.5,0,0,0,0,0,0,0,0,0.5,0.5,0.25,0.28500000000000003
0,0,0,0,0,0,0,0.5,0,0,0,0,0,0,0,0.5,0.5,0.25,0.28500000000000003
0,0,0,0,0,0,0,0,0.5,0,0,0,0,0,0,0.5,0.5,0.25,0.28500000000000003
0,0,0,0,0,0,0,0,0,0.5,0,0,0,0,0,0.5,0.5,0.25,0.28500000000000003
0,0,0,0,0,0,0,0,0,0,0.5,0,0,0,0,0.5,0.5,0.25,0.28500000000000003
0,0,0,0,0,0,0,0,0,0,0,0.5,0,0,0,0.5,0.5,0.25,0.28500000000000003
0,0,0,0,0,0,0,0,0,0,0,0,0.5,0,0,0.5,0.5,0.25,0.28500000000000003
0,0,0,0,0,0,0,0,0,0,0,0,0,0.5,0,0.5,0.5,0.25,0.28500000000000003
0,0,0,0,0,0,0,0,0,0,0,0,0,0,0.5,0.5,0.5,0.25,0.28500000000000003
0.5,0,0,0,0,0,0,0,0,0,0,0,0,0,0,0.5,0.75,0.25,0.36
0,0.5,0,0,0,0,0,0,0,0,0,0,0,0,0,0.5,0.75,0.25,0.36
0,0,0.5,0,0,0,0,0,0,0,0,0,0,0,0,0.5,0.75,0.25,0.36
0,0,0,0.5,0,0,0,0,0,0,0,0,0,0,0,0.5,0.75,0.25,0.36
0,0,0,0,0.5,0,0,0,0,0,0,0,0,0,0,0.5,0.75,0.25,0.36
0,0,0,0,0,0.5,0,0,0,0,0,0,0,0,0,0.5,0.75,0.25,0.36
0,0,0,0,0,0,0.5,0,0,0,0,0,0,0,0,0.5,0.75,0.25,0.36
0,0,0,0,0,0,0,0.5,0,0,0,0,0,0,0,0.5,0.75,0.25,0.36
0,0,0,0,0,0,0,0,0.5,0,0,0,0,0,0,0.5,0.75,0.25,0.36
0,0,0,0,0,0,0,0,0,0.5,0,0,0,0,0,0.5,0.75,0.25,0.36
0,0,0,0,0,0,0,0,0,0,0.5,0,0,0,0,0.5,0.75,0.25,0.36
0,0,0,0,0,0,0,0,0,0,0,0.5,0,0,0,0.5,0.75,0.25,0.36
0,0,0,0,0,0,0,0,0,0,0,0,0.5,0,0,0.5,0.75,0.25,0.36
0,0,0,0,0,0,0,0,0,0,0,0,0,0.5,0,0.5,0.75,0.25,0.36
0,0,0,0,0,0,0,0,0,0,0,0,0,0,0.5,0.5,0.75,0.25,0.36
0.5,0,0,0,0,0,0,0,0,0,0,0,0,0,0,0.5,1.0,0.25,0.435
0,0.5,0,0,0,0,0,0,0,0,0,0,0,0,0,0.5,1.0,0.25,0.435
0,0,0.5,0,0,0,0,0,0,0,0,0,0,0,0,0.5,1.0,0.25,0.435
0,0,0,0.5,0,0,0,0,0,0,0,0,0,0,0,0.5,1.0,0.25,0.435
0,0,0,0,0.5,0,0,0,0,0,0,0,0,0,0,0.5,1.0,0.25,0.435
0,0,0,0,0,0.5,0,0,0,0,0,0,0,0,0,0.5,1.0,0.25,0.435
0,0,0,0,0,0,0.5,0,0,0,0,0,0,0,0,0.5,1.0,0.25,0.435
0,0,0,0,0,0,0,0.5,0,0,0,0,0,0,0,0.5,1.0,0.25,0.435
0,0,0,0,0,0,0,0,0.5,0,0,0,0,0,0,0.5,1.0,0.25,0.435
0,0,0,0,0,0,0,0,0,0.5,0,0,0,0,0,0.5,1.0,0.25,0.435
0,0,0,0,0,0,0,0,0,0,0.5,0,0,0,0,0.5,1.0,0.25,0.435
0,0,0,0,0,0,0,0,0,0,0,0.5,0,0,0,0.5,1.0,0.25,0.435
0,0,0,0,0,0,0,0,0,0,0,0,0.5,0,0,0.5,1.0,0.25,0.435
0,0,0,0,0,0,0,0,0,0,0,0,0,0.5,0,0.5,1.0,0.25,0.435
0,0,0,0,0,0,0,0,0,0,0,0,0,0,0.5,0.5,1.0,0.25,0.435
0.5,0,0,0,0,0,0,0,0,0,0,0,0,0,0,0.5,0.25,0.5,0.23500000000000004
0,0.5,0,0,0,0,0,0,0,0,0,0,0,0,0,0.5,0.25,0.5,0.23500000000000004
0,0,0.5,0,0,0,0,0,0,0,0,0,0,0,0,0.5,0.25,0.5,0.23500000000000004
0,0,0,0.5,0,0,0,0,0,0,0,0,0,0,0,0.5,0.25,0.5,0.23500000000000004
0,0,0,0,0.5,0,0,0,0,0,0,0,0,0,0,0.5,0.25,0.5,0.23500000000000004
0,0,0,0,0,0.5,0,0,0,0,0,0,0,0,0,0.5,0.25,0.5,0.23500000000000004
0,0,0,0,0,0,0.5,0,0,0,0,0,0,0,0,0.5,0.25,0.5,0.23500000000000004
0,0,0,0,0,0,0,0.5,0,0,0,0,0,0,0,0.5,0.25,0.5,0.23500000000000004
0,0,0,0,0,0,0,0,0.5,0,0,0,0,0,0,0.5,0.25,0.5,0.23500000000000004
0,0,0,0,0,0,0,0,0,0.5,0,0,0,0,0,0.5,0.25,0.5,0.23500000000000004
0,0,0,0,0,0,0,0,0,0,0.5,0,0,0,0,0.5,0.25,0.5,0.23500000000000004
0,0,0,0,0,0,0,0,0,0,0,0.5,0,0,0,0.5,0.25,0.5,0.23500000000000004
0,0,0,0,0,0,0,0,0,0,0,0,0.5,0,0,0.5,0.25,0.5,0.23500000000000004
0,0,0,0,0,0,0,0,0,0,0,0,0,0.5,0,0.5,0.25,0.5,0.23500000000000004
0,0,0,0,0,0,0,0,0,0,0,0,0,0,0.5,0.5,0.25,0.5,0.23500000000000004
0.5,0,0,0,0,0,0,0,0,0,0,0,0,0,0,0.5,0.5,0.5,0.31000000000000005
0,0.5,0,0,0,0,0,0,0,0,0,0,0,0,0,0.5,0.5,0.5,0.31000000000000005
0,0,0.5,0,0,0,0,0,0,0,0,0,0,0,0,0.5,0.5,0.5,0.31000000000000005
0,0,0,0.5,0,0,0,0,0,0,0,0,0,0,0,0.5,0.5,0.5,0.31000000000000005
0,0,0,0,0.5,0,0,0,0,0,0,0,0,0,0,0.5,0.5,0.5,0.31000000000000005
0,0,0,0,0,0.5,0,0,0,0,0,0,0,0,0,0.5,0.5,0.5,0.31000000000000005
0,0,0,0,0,0,0.5,0,0,0,0,0,0,0,0,0.5,0.5,0.5,0.31000000000000005
0,0,0,0,0,0,0,0.5,0,0,0,0,0,0,0,0.5,0.5,0.5,0.31000000000000005
0,0,0,0,0,0,0,0,0.5,0,0,0,0,0,0,0.5,0.5,0.5,0.31000000000000005
0,0,0,0,0,0,0,0,0,0.5,0,0,0,0,0,0.5,0.5,0.5,0.31000000000000005
0,0,0,0,0,0,0,0,0,0,0.5,0,0,0,0,0.5,0.5,0.5,0.31000000000000005
0,0,0,0,0,0,0,0,0,0,0,0.5,0,0,0,0.5,0.5,0.5,0.31000000000000005
0,0,0,0,0,0,0,0,0,0,0,0,0.5,0,0,0.5,0.5,0.5,0.31000000000000005
0,0,0,0,0,0,0,0,0,0,0,0,0,0.5,0,0.5,0.5,0.5,0.31000000000000005
0,0,0,0,0,0,0,0,0,0,0,0,0,0,0.5,0.5,0.5,0.5,0.31000000000000005
0.5,0,0,0,0,0,0,0,0,0,0,0,0,0,0,0.5,0.75,0.5,0.385
0,0.5,0,0,0,0,0,0,0,0,0,0,0,0,0,0.5,0.75,0.5,0.385
0,0,0.5,0,0,0,0,0,0,0,0,0,0,0,0,0.5,0.75,0.5,0.385
0,0,0,0.5,0,0,0,0,0,0,0,0,0,0,0,0.5,0.75,0.5,0.385
0,0,0,0,0.5,0,0,0,0,0,0,0,0,0,0,0.5,0.75,0.5,0.385
0,0,0,0,0,0.5,0,0,0,0,0,0,0,0,0,0.5,0.75,0.5,0.385
0,0,0,0,0,0,0.5,0,0,0,0,0,0,0,0,0.5,0.75,0.5,0.385
0,0,0,0,0,0,0,0.5,0,0,0,0,0,0,0,0.5,0.75,0.5,0.385
0,0,0,0,0,0,0,0,0.5,0,0,0,0,0,0,0.5,0.75,0.5,0.385
0,0,0,0,0,0,0,0,0,0.5,0,0,0,0,0,0.5,0.75,0.5,0.385
0,0,0,0,0,0,0,0,0,0,0.5,0,0,0,0,0.5,0.75,0.5,0.385
0,0,0,0,0,0,0,0,0,0,0,0.5,0,0,0,0.5,0.75,0.5,0.385
0,0,0,0,0,0,0,0,0,0,0,0,0.5,0,0,0.5,0.75,0.5,0.385
0,0,0,0,0,0,0,0,0,0,0,0,0,0.5,0,0.5,0.75,0.5,0.385
0,0,0,0,0,0,0,0,0,0,0,0,0,0,0.5,0.5,0.75,0.5,0.385
0.5,0,0,0,0,0,0,0,0,0,0,0,0,0,0,0.5,1.0,0.5,0.46
0,0.5,0,0,0,0,0,0,0,0,0,0,0,0,0,0.5,1.0,0.5,0.46
0,0,0.5,0,0,0,0,0,0,0,0,0,0,0,0,0.5,1.0,0.5,0.46
0,0,0,0.5,0,0,0,0,0,0,0,0,0,0,0,0.5,1.0,0.5,0.46
0,0,0,0,0.5,0,0,0,0,0,0,0,0,0,0,0.5,1.0,0.5,0.46
0,0,0,0,0,0.5,0,0,0,0,0,0,0,0,0,0.5,1.0,0.5,0.46
0,0,0,0,0,0,0.5,0,0,0,0,0,0,0,0,0.5,1.0,0.5,0.46
0,0,0,0,0,0,0,0.5,0,0,0,0,0,0,0,0.5,1.0,0.5,0.46
0,0,0,0,0,0,0,0,0.5,0,0,0,0,0,0,0.5,1.0,0.5,0.46
0,0,0,0,0,0,0,0,0,0.5,0,0,0,0,0,0.5,1.0,0.5,0.46
0,0,0,0,0,0,0,0,0,0,0.5,0,0,0,0,0.5,1.0,0.5,0.46
0,0,0,0,0,0,0,0,0,0,0,0.5,0,0,0,0.5,1.0,0.5,0.46
0,0,0,0,0,0,0,0,0,0,0,0,0.5,0,0,0.5,1.0,0.5,0.46
0,0,0,0,0,0,0,0,0,0,0,0,0,0.5,0,0.5,1.0,0.5,0.46
0,0,0,0,0,0,0,0,0,0,0,0,0,0,0.5,0.5,1.0,0.5,0.46
0.5,0,0,0,0,0,0,0,0,0,0,0,0,0,0,0.5,0.25,0.75,0.26
0,0.5,0,0,0,0,0,0,0,0,0,0,0,0,0,0.5,0.25,0.75,0.26
0,0,0.5,0,0,0,0,0,0,0,0,0,0,0,0,0.5,0.25,0.75,0.26
0,0,0,0.5,0,0,0,0,0,0,0,0,0,0,0,0.5,0.25,0.75,0.26
0,0,0,0,0.5,0,0,0,0,0,0,0,0,0,0,0.5,0.25,0.75,0.26
0,0,0,0,0,0.5,0,0,0,0,0,0,0,0,0,0.5,0.25,0.75,0.26
0,0,0,0,0,0,0.5,0,0,0,0,0,0,0,0,0.5,0.25,0.75,0.26
0,0,0,0,0,0,0,0.5,0,0,0,0,0,0,0,0.5,0.25,0.75,0.26
0,0,0,0,0,0,0,0,0.5,0,0,0,0,0,0,0.5,0.25,0.75,0.26
0,0,0,0,0,0,0,0,0,0.5,0,0,0,0,0,0.5,0.25,0.75,0.26
0,0,0,0,0,0,0,0,0,0,0.5,0,0,0,0,0.5,0.25,0.75,0.26
0,0,0,0,0,0,0,0,0,0,0,0.5,0,0,0,0.5,0.25,0.75,0.26
0,0,0,0,0,0,0,0,0,0,0,0,0.5,0,0,0.5,0.25,0.75,0.26
0,0,0,0,0,0,0,0,0,0,0,0,0,0.5,0,0.5,0.25,0.75,0.26
0,0,0,0,0,0,0,0,0,0,0,0,0,0,0.5,0.5,0.25,0.75,0.26
0.5,0,0,0,0,0,0,0,0,0,0,0,0,0,0,0.5,0.5,0.75,0.335
0,0.5,0,0,0,0,0,0,0,0,0,0,0,0,0,0.5,0.5,0.75,0.335
0,0,0.5,0,0,0,0,0,0,0,0,0,0,0,0,0.5,0.5,0.75,0.335
0,0,0,0.5,0,0,0,0,0,0,0,0,0,0,0,0.5,0.5,0.75,0.335
0,0,0,0,0.5,0,0,0,0,0,0,0,0,0,0,0.5,0.5,0.75,0.335
0,0,0,0,0,0.5,0,0,0,0,0,0,0,0,0,0.5,0.5,0.75,0.335
0,0,0,0,0,0,0.5,0,0,0,0,0,0,0,0,0.5,0.5,0.75,0.335
0,0,0,0,0,0,0,0.5,0,0,0,0,0,0,0,0.5,0.5,0.75,0.335
0,0,0,0,0,0,0,0,0.5,0,0,0,0,0,0,0.5,0.5,0.75,0.335
0,0,0,0,0,0,0,0,0,0.5,0,0,0,0,0,0.5,0.5,0.75,0.335
0,0,0,0,0,0,0,0,0,0,0.5,0,0,0,0,0.5,0.5,0.75,0.335
0,0,0,0,0,0,0,0,0,0,0,0.5,0,0,0,0.5,0.5,0.75,0.335
0,0,0,0,0,0,0,0,0,0,0,0,0.5,0,0,0.5,0.5,0.75,0.335
0,0,0,0,0,0,0,0,0,0,0,0,0,0.5,0,0.5,0.5,0.75,0.335
0,0,0,0,0,0,0,0,0,0,0,0,0,0,0.5,0.5,0.5,0.75,0.335
0.5,0,0,0,0,0,0,0,0,0,0,0,0,0,0,0.5,0.75,0.75,0.41000000000000003
0,0.5,0,0,0,0,0,0,0,0,0,0,0,0,0,0.5,0.75,0.75,0.41000000000000003
0,0,0.5,0,0,0,0,0,0,0,0,0,0,0,0,0.5,0.75,0.75,0.41000000000000003
0,0,0,0.5,0,0,0,0,0,0,0,0,0,0,0,0.5,0.75,0.75,0.41000000000000003
0,0,0,0,0.5,0,0,0,0,0,0,0,0,0,0,0.5,0.75,0.75,0.41000000000000003
0,0,0,0,0,0.5,0,0,0,0,0,0,0,0,0,0.5,0.75,0.75,0.41000000000000003
0,0,0,0,0,0,0.5,0,0,0,0,0,0,0,0,0.5,0.75,0.75,0.41000000000000003
0,0,0,0,0,0,0,0.5,0,0,0,0,0,0,0,0.5,0.75,0.75,0.41000000000000003
0,0,0,0,0,0,0,0,0.5,0,0,0,0,0,0,0.5,0.75,0.75,0.41000000000000003
0,0,0,0,0,0,0,0,0,0.5,0,0,0,0,0,0.5,0.75,0.75,0.41000000000000003
0,0,0,0,0,0,0,0,0,0,0.5,0,0,0,0,0.5,0.75,0.75,0.41000000000000003
0,0,0,0,0,0,0,0,0,0,0,0.5,0,0,0,0.5,0.75,0.75,0.41000000000000003
0,0,0,0,0,0,0,0,0,0,0,0,0.5,0,0,0.5,0.75,0.75,0.41000000000000003
0,0,0,0,0,0,0,0,0,0,0,0,0,0.5,0,0.5,0.75,0.75,0.41000000000000003
0,0,0,0,0,0,0,0,0,0,0,0,0,0,0.5,0.5,0.75,0.75,0.41000000000000003
0.5,0,0,0,0,0,0,0,0,0,0,0,0,0,0,0.5,1.0,0.75,0.485
0,0.5,0,0,0,0,0,0,0,0,0,0,0,0,0,0.5,1.0,0.75,0.485
0,0,0.5,0,0,0,0,0,0,0,0,0,0,0,0,0.5,1.0,0.75,0.485
0,0,0,0.5,0,0,0,0,0,0,0,0,0,0,0,0.5,1.0,0.75,0.485
0,0,0,0,0.5,0,0,0,0,0,0,0,0,0,0,0.5,1.0,0.75,0.485
0,0,0,0,0,0.5,0,0,0,0,0,0,0,0,0,0.5,1.0,0.75,0.485
0,0,0,0,0,0,0.5,0,0,0,0,0,0,0,0,0.5,1.0,0.75,0.485
0,0,0,0,0,0,0,0.5,0,0,0,0,0,0,0,0.5,1.0,0.75,0.485
0,0,0,0,0,0,0,0,0.5,0,0,0,0,0,0,0.5,1.0,0.75,0.485
0,0,0,0,0,0,0,0,0,0.5,0,0,0,0,0,0.5,1.0,0.75,0.485
0,0,0,0,0,0,0,0,0,0,0.5,0,0,0,0,0.5,1.0,0.75,0.485
0,0,0,0,0,0,0,0,0,0,0,0.5,0,0,0,0.5,1.0,0.75,0.485
0,0,0,0,0,0,0,0,0,0,0,0,0.5,0,0,0.5,1.0,0.75,0.485
0,0,0,0,0,0,0,0,0,0,0,0,0,0.5,0,0.5,1.0,0.75,0.485
0,0,0,0,0,0,0,0,0,0,0,0,0,0,0.5,0.5,1.0,0.75,0.485
0.5,0,0,0,0,0,0,0,0,0,0,0,0,0,0,0.5,0.25,1.0,0.28500000000000003
0,0.5,0,0,0,0,0,0,0,0,0,0,0,0,0,0.5,0.25,1.0,0.28500000000000003
0,0,0.5,0,0,0,0,0,0,0,0,0,0,0,0,0.5,0.25,1.0,0.28500000000000003
0,0,0,0.5,0,0,0,0,0,0,0,0,0,0,0,0.5,0.25,1.0,0.28500000000000003
0,0,0,0,0.5,0,0,0,0,0,0,0,0,0,0,0.5,0.25,1.0,0.28500000000000003
0,0,0,0,0,0.5,0,0,0,0,0,0,0,0,0,0.5,0.25,1.0,0.28500000000000003
0,0,0,0,0,0,0.5,0,0,0,0,0,0,0,0,0.5,0.25,1.0,0.28500000000000003
0,0,0,0,0,0,0,0.5,0,0,0,0,0,0,0,0.5,0.25,1.0,0.28500000000000003
0,0,0,0,0,0,0,0,0.5,0,0,0,0,0,0,0.5,0.25,1.0,0.28500000000000003
0,0,0,0,0,0,0,0,0,0.5,0,0,0,0,0,0.5,0.25,1.0,0.28500000000000003
0,0,0,0,0,0,0,0,0,0,0.5,0,0,0,0,0.5,0.25,1.0,0.28500000000000003
0,0,0,0,0,0,0,0,0,0,0,0.5,0,0,0,0.5,0.25,1.0,0.28500000000000003
0,0,0,0,0,0,0,0,0,0,0,0,0.5,0,0,0.5,0.25,1.0,0.28500000000000003
0,0,0,0,0,0,0,0,0,0,0,0,0,0.5,0,0.5,0.25,1.0,0.28500000000000003
0,0,0,0,0,0,0,0,0,0,0,0,0,0,0.5,0.5,0.25,1.0,0.28500000000000003
0.5,0,0,0,0,0,0,0,0,0,0,0,0,0,0,0.5,0.5,1.0,0.36
0,0.5,0,0,0,0,0,0,0,0,0,0,0,0,0,0.5,0.5,1.0,0.36
0,0,0.5,0,0,0,0,0,0,0,0,0,0,0,0,0.5,0.5,1.0,0.36
0,0,0,0.5,0,0,0,0,0,0,0,0,0,0,0,0.5,0.5,1.0,0.36
0,0,0,0,0.5,0,0,0,0,0,0,0,0,0,0,0.5,0.5,1.0,0.36
0,0,0,0,0,0.5,0,0,0,0,0,0,0,0,0,0.5,0.5,1.0,0.36
0,0,0,0,0,0,0.5,0,0,0,0,0,0,0,0,0.5,0.5,1.0,0.36
0,0,0,0,0,0,0,0.5,0,0,0,0,0,0,0,0.5,0.5,1.0,0.36
0,0,0,0,0,0,0,0,0.5,0,0,0,0,0,0,0.5,0.5,1.0,0.36
0,0,0,0,0,0,0,0,0,0.5,0,0,0,0,0,0.5,0.5,1.0,0.36
0,0,0,0,0,0,0,0,0,0,0.5,0,0,0,0,0.5,0.5,1.0,0.36
0,0,0,0,0,0,0,0,0,0,0,0.5,0,0,0,0.5,0.5,1.0,0.36
0,0,0,0,0,0,0,0,0,0,0,0,0.5,0,0,0.5,0.5,1.0,0.36
0,0,0,0,0,0,0,0,0,0,0,0,0,0.5,0,0.5,0.5,1.0,0.36
0,0,0,0,0,0,0,0,0,0,0,0,0,0,0.5,0.5,0.5,1.0,0.36
0.5,0,0,0,0,0,0,0,0,0,0,0,0,0,0,0.5,0.75,1.0,0.435
0,0.5,0,0,0,0,0,0,0,0,0,0,0,0,0,0.5,0.75,1.0,0.435
0,0,0.5,0,0,0,0,0,0,0,0,0,0,0,0,0.5,0.75,1.0,0.435
0,0,0,0.5,0,0,0,0,0,0,0,0,0,0,0,0.5,0.75,1.0,0.435
0,0,0,0,0.5,0,0,0,0,0,0,0,0,0,0,0.5,0.75,1.0,0.435
0,0,0,0,0,0.5,0,0,0,0,0,0,0,0,0,0.5,0.75,1.0,0.435
0,0,0,0,0,0,0.5,0,0,0,0,0,0,0,0,0.5,0.75,1.0,0.435
0,0,0,0,0,0,0,0.5,0,0,0,0,0,0,0,0.5,0.75,1.0,0.435
0,0,0,0,0,0,0,0,0.5,0,0,0,0,0,0,0.5,0.75,1.0,0.435
0,0,0,0,0,0,0,0,0,0.5,0,0,0,0,0,0.5,0.75,1.0,0.435
0,0,0,0,0,0,0,0,0,0,0.5,0,0,0,0,0.5,0.75,1.0,0.435
0,0,0,0,0,0,0,0,0,0,0,0.5,0,0,0,0.5,0.75,1.0,0.435
0,0,0,0,0,0,0,0,0,0,0,0,0.5,0,0,0.5,0.75,1.0,0.435
0,0,0,0,0,0,0,0,0,0,0,0,0,0.5,0,0.5,0.75,1.0,0.435
0,0,0,0,0,0,0,0,0,0,0,0,0,0,0.5,0.5,0.75,1.0,0.435
0.5,0,0,0,0,0,0,0,0,0,0,0,0,0,0,0.5,1.0,1.0,0.51
0,0.5,0,0,0,0,0,0,0,0,0,0,0,0,0,0.5,1.0,1.0,0.51
0,0,0.5,0,0,0,0,0,0,0,0,0,0,0,0,0.5,1.0,1.0,0.51
0,0,0,0.5,0,0,0,0,0,0,0,0,0,0,0,0.5,1.0,1.0,0.51
0,0,0,0,0.5,0,0,0,0,0,0,0,0,0,0,0.5,1.0,1.0,0.51
0,0,0,0,0,0.5,0,0,0,0,0,0,0,0,0,0.5,1.0,1.0,0.51
0,0,0,0,0,0,0.5,0,0,0,0,0,0,0,0,0.5,1.0,1.0,0.51
0,0,0,0,0,0,0,0.5,0,0,0,0,0,0,0,0.5,1.0,1.0,0.51
0,0,0,0,0,0,0,0,0.5,0,0,0,0,0,0,0.5,1.0,1.0,0.51
0,0,0,0,0,0,0,0,0,0.5,0,0,0,0,0,0.5,1.0,1.0,0.51
0,0,0,0,0,0,0,0,0,0,0.5,0,0,0,0,0.5,1.0,1.0,0.51
0,0,0,0,0,0,0,0,0,0,0,0.5,0,0,0,0.5,1.0,1.0,0.51
0,0,0,0,0,0,0,0,0,0,0,0,0.5,0,0,0.5,1.0,1.0,0.51
0,0,0,0,0,0,0,0,0,0,0,0,0,0.5,0,0.5,1.0,1.0,0.51
0,0,0,0,0,0,0,0,0,0,0,0,0,0,0.5,0.5,1.0,1.0,0.51
0.75,0,0,0,0,0,0,0,0,0,0,0,0,0,0,0.75,0.25,0.25,0.265
0,0.75,0,0,0,0,0,0,0,0,0,0,0,0,0,0.75,0.25,0.25,0.265
0,0,0.75,0,0,0,0,0,0,0,0,0,0,0,0,0.75,0.25,0.25,0.265
0,0,0,0.75,0,0,0,0,0,0,0,0,0,0,0,0.75,0.25,0.25,0.265
0,0,0,0,0.75,0,0,0,0,0,0,0,0,0,0,0.75,0.25,0.25,0.265
0,0,0,0,0,0.75,0,0,0,0,0,0,0,0,0,0.75,0.25,0.25,0.265
0,0,0,0,0,0,0.75,0,0,0,0,0,0,0,0,0.75,0.25,0.25,0.265
0,0,0,0,0,0,0,0.75,0,0,0,0,0,0,0,0.75,0.25,0.25,0.265
0,0,0,0,0,0,0,0,0.75,0,0,0,0,0,0,0.75,0.25,0.25,0.265
0,0,0,0,0,0,0,0,0,0.75,0,0,0,0,0,0.75,0.25,0.25,0.265
0,0,0,0,0,0,0,0,0,0,0.75,0,0,0,0,0.75,0.25,0.25,0.265
0,0,0,0,0,0,0,0,0,0,0,0.75,0,0,0,0.75,0.25,0.25,0.265
0,0,0,0,0,0,0,0,0,0,0,0,0.75,0,0,0.75,0.25,0.25,0.265
0,0,0,0,0,0,0,0,0,0,0,0,0,0.75,0,0.75,0.25,0.25,0.265
0,0,0,0,0,0,0,0,0,0,0,0,0,0,0.75,0.75,0.25,0.25,0.265
0.75,0,0,0,0,0,0,0,0,0,0,0,0,0,0,0.75,0.5,0.25,0.34
0,0.75,0,0,0,0,0,0,0,0,0,0,0,0,0,0.75,0.5,0.25,0.34
0,0,0.75,0,0,0,0,0,0,0,0,0,0,0,0,0.75,0.5,0.25,0.34
0,0,0,0.75,0,0,0,0,0,0,0,0,0,0,0,0.75,0.5,0.25,0.34
0,0,0,0,0.75,0,0,0,0,0,0,0,0,0,0,0.75,0.5,0.25,0.34
0,0,0,0,0,0.75,0,0,0,0,0,0,0,0,0,0.75,0.5,0.25,0.34
0,0,0,0,0,0,0.75,0,0,0,0,0,0,0,0,0.75,0.5,0.25,0.34
0,0,0,0,0,0,0,0.75,0,0,0,0,0,0,0,0.75,0.5,0.25,0.34
0,0,0,0,0,0,0,0,0.75,0,0,0,0,0,0,0.75,0.5,0.25,0.34
0,0,0,0,0,0,0,0,0,0.75,0,0,0,0,0,0.75,0.5,0.25,0.34
0,0,0,0,0,0,0,0,0,0,0.75,0,0,0,0,0.75,0.5,0.25,0.34
0,0,0,0,0,0,0,0,0,0,0,0.75,0,0,0,0.75,0.5,0.25,0.34
0,0,0,0,0,0,0,0,0,0,0,0,0.75,0,0,0.75,0.5,0.25,0.34
0,0,0,0,0,0,0,0,0,0,0,0,0,0.75,0,0.75,0.5,0.25,0.34
0,0,0,0,0,0,0,0,0,0,0,0,0,0,0.75,0.75,0.5,0.25,0.34
0.75,0,0,0,0,0,0,0,0,0,0,0,0,0,0,0.75,0.75,0.25,0.41500000000000004
0,0.75,0,0,0,0,0,0,0,0,0,0,0,0,0,0.75,0.75,0.25,0.41500000000000004
0,0,0.75,0,0,0,0,0,0,0,0,0,0,0,0,0.75,0.75,0.25,0.41500000000000004
0,0,0,0.75,0,0,0,0,0,0,0,0,0,0,0,0.75,0.75,0.25,0.41500000000000004
0,0,0,0,0.75,0,0,0,0,0,0,0,0,0,0,0.75,0.75,0.25,0.41500000000000004
0,0,0,0,0,0.75,0,0,0,0,0,0,0,0,0,0.75,0.75,0.25,0.41500000000000004
0,0,0,0,0,0,0.75,0,0,0,0,0,0,0,0,0.75,0.75,0.25,0.41500000000000004
0,0,0,0,0,0,0,0.75,0,0,0,0,0,0,0,0.75,0.75,0.25,0.41500000000000004
0,0,0,0,0,0,0,0,0.75,0,0,0,0,0,0,0.75,0.75,0.25,0.41500000000000004
0,0,0,0,0,0,0,0,0,0.75,0,0,0,0,0,0.75,0.75,0.25,0.41500000000000004
0,0,0,0,0,0,0,0,0,0,0.75,0,0,0,0,0.75,0.75,0.25,0.41500000000000004
0,0,0,0,0,0,0,0,0,0,0,0.75,0,0,0,0.75,0.75,0.25,0.41500000000000004
0,0,0,0,0,0,0,0,0,0,0,0,0.75,0,0,0.75,0.75,0.25,0.41500000000000004
0,0,0,0,0,0,0,0,0,0,0,0,0,0.75,0,0.75,0.75,0.25,0.41500000000000004
0,0,0,0,0,0,0,0,0,0,0,0,0,0,0.75,0.75,0.75,0.25,0.41500000000000004
0.75,0,0,0,0,0,0,0,0,0,0,0,0,0,0,0.75,1.0,0.25,0.49
0,0.75,0,0,0,0,0,0,0,0,0,0,0,0,0,0.75,1.0,0.25,0.49
0,0,0.75,0,0,0,0,0,0,0,0,0,0,0,0,0.75,1.0,0.25,0.49
0,0,0,0.75,0,0,0,0,0,0,0,0,0,0,0,0.75,1.0,0.25,0.49
0,0,0,0,0.75,0,0,0,0,0,0,0,0,0,0,0.75,1.0,0.25,0.49
0,0,0,0,0,0.75,0,0,0,0,0,0,0,0,0,0.75,1.0,0.25,0.49
0,0,0,0,0,0,0.75,0,0,0,0,0,0,0,0,0.75,1.0,0.25,0.49
0,0,0,0,0,0,0,0.75,0,0,0,0,0,0,0,0.75,1.0,0.25,0.49
0,0,0,0,0,0,0,0,0.75,0,0,0,0,0,0,0.75,1.0,0.25,0.49
0,0,0,0,0,0,0,0,0,0.75,0,0,0,0,0,0.75,1.0,0.25,0.49
0,0,0,0,0,0,0,0,0,0,0.75,0,0,0,0,0.75,1.0,0.25,0.49
0,0,0,0,0,0,0,0,0,0,0,0.75,0,0,0,0.75,1.0,0.25,0.49
0,0,0,0,0,0,0,0,0,0,0,0,0.75,0,0,0.75,1.0,0.25,0.49
0,0,0,0,0,0,0,0,0,0,0,0,0,0.75,0,0.75,1.0,0.25,0.49
0,0,0,0,0,0,0,0,0,0,0,0,0,0,0.75,0.75,1.0,0.25,0.49
0.75,0,0,0,0,0,0,0,0,0,0,0,0,0,0,0.75,0.25,0.5,0.29000000000000004
0,0.75,0,0,0,0,0,0,0,0,0,0,0,0,0,0.75,0.25,0.5,0.29000000000000004
0,0,0.75,0,0,0,0,0,0,0,0,0,0,0,0,0.75,0.25,0.5,0.29000000000000004
0,0,0,0.75,0,0,0,0,0,0,0,0,0,0,0,0.75,0.25,0.5,0.29000000000000004
0,0,0,0,0.75,0,0,0,0,0,0,0,0,0,0,0.75,0.25,0.5,0.29000000000000004
0,0,0,0,0,0.75,0,0,0,0,0,0,0,0,0,0.75,0.25,0.5,0.29000000000000004
0,0,0,0,0,0,0.75,0,0,0,0,0,0,0,0,0.75,0.25,0.5,0.29000000000000004
0,0,0,0,0,0,0,0.75,0,0,0,0,0,0,0,0.75,0.25,0.5,0.29000000000000004
0,0,0,0,0,0,0,0,0.75,0,0,0,0,0,0,0.75,0.25,0.5,0.29000000000000004
0,0,0,0,0,0,0,0,0,0.75,0,0,0,0,0,0.75,0.25,0.5,0.29000000000000004
0,0,0,0,0,0,0,0,0,0,0.75,0,0,0,0,0.75,0.25,0.5,0.29000000000000004
0,0,0,0,0,0,0,0,0,0,0,0.75,0,0,0,0.75,0.25,0.5,0.29000000000000004
0,0,0,0,0,0,0,0,0,0,0,0,0.75,0,0,0.75,0.25,0.5,0.29000000000000004
0,0,0,0,0,0,0,0,0,0,0,0,0,0.75,0,0.75,0.25,0.5,0.29000000000000004
0,0,0,0,0,0,0,0,0,0,0,0,0,0,0.75,0.75,0.25,0.5,0.29000000000000004
0.75,0,0,0,0,0,0,0,0,0,0,0,0,0,0,0.75,0.5,0.5,0.365
0,0.75,0,0,0,0,0,0,0,0,0,0,0,0,0,0.75,0.5,0.5,0.365
0,0,0.75,0,0,0,0,0,0,0,0,0,0,0,0,0.75,0.5,0.5,0.365
0,0,0,0.75,0,0,0,0,0,0,0,0,0,0,0,0.75,0.5,0.5,0.365
0,0,0,0,0.75,0,0,0,0,0,0,0,0,0,0,0.75,0.5,0.5,0.365
0,0,0,0,0,0.75,0,0,0,0,0,0,0,0,0,0.75,0.5,0.5,0.365
0,0,0,0,0,0,0.75,0,0,0,0,0,0,0,0,0.75,0.5,0.5,0.365
0,0,0,0,0,0,0,0.75,0,0,0,0,0,0,0,0.75,0.5,0.5,0.365
0,0,0,0,0,0,0,0,0.75,0,0,0,0,0,0,0.75,0.5,0.5,0.365
0,0,0,0,0,0,0,0,0,0.75,0,0,0,0,0,0.75,0.5,0.5,0.365
0,0,0,0,0,0,0,0,0,0,0.75,0,0,0,0,0.75,0.5,0.5,0.365
0,0,0,0,0,0,0,0,0,0,0,0.75,0,0,0,0.75,0.5,0.5,0.365
0,0,0,0,0,0,0,0,0,0,0,0,0.75,0,0,0.75,0.5,0.5,0.365
0,0,0,0,0,0,0,0,0,0,0,0,0,0.75,0,0.75,0.5,0.5,0.365
0,0,0,0,0,0,0,0,0,0,0,0,0,0,0.75,0.75,0.5,0.5,0.365
0.75,0,0,0,0,0,0,0,0,0,0,0,0,0,0,0.75,0.75,0.5,0.44
0,0.75,0,0,0,0,0,0,0,0,0,0,0,0,0,0.75,0.75,0.5,0.44
0,0,0.75,0,0,0,0,0,0,0,0,0,0,0,0,0.75,0.75,0.5,0.44
0,0,0,0.75,0,0,0,0,0,0,0,0,0,0,0,0.75,0.75,0.5,0.44
0,0,0,0,0.75,0,0,0,0,0,0,0,0,0,0,0.75,0.75,0.5,0.44
0,0,0,0,0,0.75,0,0,0,0,0,0,0,0,0,0.75,0.75,0.5,0.44
0,0,0,0,0,0,0.75,0,0,0,0,0,0,0,0,0.75,0.75,0.5,0.44
0,0,0,0,0,0,0,0.75,0,0,0,0,0,0,0,0.75,0.75,0.5,0.44
0,0,0,0,0,0,0,0,0.75,0,0,0,0,0,0,0.75,0.75,0.5,0.44
0,0,0,0,0,0,0,0,0,0.75,0,0,0,0,0,0.75,0.75,0.5,0.44
0,0,0,0,0,0,0,0,0,0,0.75,0,0,0,0,0.75,0.75,0.5,0.44
0,0,0,0,0,0,0,0,0,0,0,0.75,0,0,0,0.75,0.75,0.5,0.44
0,0,0,0,0,0,0,0,0,0,0,0,0.75,0,0,0.75,0.75,0.5,0.44
0,0,0,0,0,0,0,0,0,0,0,0,0,0.75,0,0.75,0.75,0.5,0.44
0,0,0,0,0,0,0,0,0,0,0,0,0,0,0.75,0.75,0.75,0.5,0.44
0.75,0,0,0,0,0,0,0,0,0,0,0,0,0,0,0.75,1.0,0.5,0.515
0,0.75,0,0,0,0,0,0,0,0,0,0,0,0,0,0.75,1.0,0.5,0.515
0,0,0.75,0,0,0,0,0,0,0,0,0,0,0,0,0.75,1.0,0.5,0.515
0,0,0,0.75,0,0,0,0,0,0,0,0,0,0,0,0.75,1.0,0.5,0.515
0,0,0,0,0.75,0,0,0,0,0,0,0,0,0,0,0.75,1.0,0.5,0.515
0,0,0,0,0,0.75,0,0,0,0,0,0,0,0,0,0.75,1.0,0.5,0.515
0,0,0,0,0,0,0.75,0,0,0,0,0,0,0,0,0.75,1.0,0.5,0.515
0,0,0,0,0,0,0,0.75,0,0,0,0,0,0,0,0.75,1.0,0.5,0.515
0,0,0,0,0,0,0,0,0.75,0,0,0,0,0,0,0.75,1.0,0.5,0.515
0,0,0,0,0,0,0,0,0,0.75,0,0,0,0,0,0.75,1.0,0.5,0.515
0,0,0,0,0,0,0,0,0,0,0.75,0,0,0,0,0.75,1.0,0.5,0.515
0,0,0,0,0,0,0,0,0,0,0,0.75,0,0,0,0.75,1.0,0.5,0.515
0,0,0,0,0,0,0,0,0,0,0,0,0.75,0,0,0.75,1.0,0.5,0.515
0,0,0,0,0,0,0,0,0,0,0,0,0,0.75,0,0.75,1.0,0.5,0.515
0,0,0,0,0,0,0,0,0,0,0,0,0,0,0.75,0.75,1.0,0.5,0.515
0.75,0,0,0,0,0,0,0,0,0,0,0,0,0,0,0.75,0.25,0.75,0.31500000000000006
0,0.75,0,0,0,0,0,0,0,0,0,0,0,0,0,0.75,0.25,0.75,0.31500000000000006
0,0,0.75,0,0,0,0,0,0,0,0,0,0,0,0,0.75,0.25,0.75,0.31500000000000006
0,0,0,0.75,0,0,0,0,0,0,0,0,0,0,0,0.75,0.25,0.75,0.31500000000000006
0,0,0,0,0.75,0,0,0,0,0,0,0,0,0,0,0.75,0.25,0.75,0.31500000000000006
0,0,0,0,0,0.75,0,0,0,0,0,0,0,0,0,0.75,0.25,0.75,0.31500000000000006
0,0,0,0,0,0,0.75,0,0,0,0,0,0,0,0,0.75,0.25,0.75,0.31500000000000006
0,0,0,0,0,0,0,0.75,0,0,0,0,0,0,0,0.75,0.25,0.75,0.31500000000000006
0,0,0,0,0,0,0,0,0.75,0,0,0,0,0,0,0.75,0.25,0.75,0.31500000000000006
0,0,0,0,0,0,0,0,0,0.75,0,0,0,0,0,0.75,0.25,0.75,0.31500000000000006
0,0,0,0,0,0,0,0,0,0,0.75,0,0,0,0,0.75,0.25,0.75,0.31500000000000006
0,0,0,0,0,0,0,0,0,0,0,0.75,0,0,0,0.75,0.25,0.75,0.31500000000000006
0,0,0,0,0,0,0,0,0,0,0,0,0.75,0,0,0.75,0.25,0.75,0.31500000000000006
0,0,0,0,0,0,0,0,0,0,0,0,0,0.75,0,0.75,0.25,0.75,0.31500000000000006
0,0,0,0,0,0,0,0,0,0,0,0,0,0,0.75,0.75,0.25,0.75,0.31500000000000006
0.75,0,0,0,0,0,0,0,0,0,0,0,0,0,0,0.75,0.5,0.75,0.39
0,0.75,0,0,0,0,0,0,0,0,0,0,0,0,0,0.75,0.5,0.75,0.39
0,0,0.75,0,0,0,0,0,0,0,0,0,0,0,0,0.75,0.5,0.75,0.39
0,0,0,0.75,0,0,0,0,0,0,0,0,0,0,0,0.75,0.5,0.75,0.39
0,0,0,0,0.75,0,0,0,0,0,0,0,0,0,0,0.75,0.5,0.75,0.39
0,0,0,0,0,0.75,0,0,0,0,0,0,0,0,0,0.75,0.5,0.75,0.39
0,0,0,0,0,0,0.75,0,0,0,0,0,0,0,0,0.75,0.5,0.75,0.39
0,0,0,0,0,0,0,0.75,0,0,0,0,0,0,0,0.75,0.5,0.75,0.39
0,0,0,0,0,0,0,0,0.75,0,0,0,0,0,0,0.75,0.5,0.75,0.39
0,0,0,0,0,0,0,0,0,0.75,0,0,0,0,0,0.75,0.5,0.75,0.39
0,0,0,0,0,0,0,0,0,0,0.75,0,0,0,0,0.75,0.5,0.75,0.39
0,0,0,0,0,0,0,0,0,0,0,0.75,0,0,0,0.75,0.5,0.75,0.39
0,0,0,0,0,0,0,0,0,0,0,0,0.75,0,0,0.75,0.5,0.75,0.39
0,0,0,0,0,0,0,0,0,0,0,0,0,0.75,0,0.75,0.5,0.75,0.39
0,0,0,0,0,0,0,0,0,0,0,0,0,0,0.75,0.75,0.5,0.75,0.39
0.75,0,0,0,0,0,0,0,0,0,0,0,0,0,0,0.75,0.75,0.75,0.465
0,0.75,0,0,0,0,0,0,0,0,0,0,0,0,0,0.75,0.75,0.75,0.465
0,0,0.75,0,0,0,0,0,0,0,0,0,0,0,0,0.75,0.75,0.75,0.465
0,0,0,0.75,0,0,0,0,0,0,0,0,0,0,0,0.75,0.75,0.75,0.465
0,0,0,0,0.75,0,0,0,0,0,0,0,0,0,0,0.75,0.75,0.75,0.465
0,0,0,0,0,0.75,0,0,0,0,0,0,0,0,0,0.75,0.75,0.75,0.465
0,0,0,0,0,0,0.75,0,0,0,0,0,0,0,0,0.75,0.75,0.75,0.465
0,0,0,0,0,0,0,0.75,0,0,0,0,0,0,0,0.75,0.75,0.75,0.465
0,0,0,0,0,0,0,0,0.75,0,0,0,0,0,0,0.75,0.75,0.75,0.465
0,0,0,0,0,0,0,0,0,0.75,0,0,0,0,0,0.75,0.75,0.75,0.465
0,0,0,0,0,0,0,0,0,0,0.75,0,0,0,0,0.75,0.75,0.75,0.465
0,0,0,0,0,0,0,0,0,0,0,0.75,0,0,0,0.75,0.75,0.75,0.465
0,0,0,0,0,0,0,0,0,0,0,0,0.75,0,0,0.75,0.75,0.75,0.465
0,0,0,0,0,0,0,0,0,0,0,0,0,0.75,0,0.75,0.75,0.75,0.465
0,0,0,0,0,0,0,0,0,0,0,0,0,0,0.75,0.75,0.75,0.75,0.465
0.75,0,0,0,0,0,0,0,0,0,0,0,0,0,0,0.75,1.0,0.75,0.54
0,0.75,0,0,0,0,0,0,0,0,0,0,0,0,0,0.75,1.0,0.75,0.54
0,0,0.75,0,0,0,0,0,0,0,0,0,0,0,0,0.75,1.0,0.75,0.54
0,0,0,0.75,0,0,0,0,0,0,0,0,0,0,0,0.75,1.0,0.75,0.54
0,0,0,0,0.75,0,0,0,0,0,0,0,0,0,0,0.75,1.0,0.75,0.54
0,0,0,0,0,0.75,0,0,0,0,0,0,0,0,0,0.75,1.0,0.75,0.54
0,0,0,0,0,0,0.75,0,0,0,0,0,0,0,0,0.75,1.0,0.75,0.54
0,0,0,0,0,0,0,0.75,0,0,0,0,0,0,0,0.75,1.0,0.75,0.54
0,0,0,0,0,0,0,0,0.75,0,0,0,0,0,0,0.75,1.0,0.75,0.54
0,0,0,0,0,0,0,0,0,0.75,0,0,0,0,0,0.75,1.0,0.75,0.54
0,0,0,0,0,0,0,0,0,0,0.75,0,0,0,0,0.75,1.0,0.75,0.54
0,0,0,0,0,0,0,0,0,0,0,0.75,0,0,0,0.75,1.0,0.75,0.54
0,0,0,0,0,0,0,0,0,0,0,0,0.75,0,0,0.75,1.0,0.75,0.54
0,0,0,0,0,0,0,0,0,0,0,0,0,0.75,0,0.75,1.0,0.75,0.54
0,0,0,0,0,0,0,0,0,0,0,0,0,0,0.75,0.75,1.0,0.75,0.54
0.75,0,0,0,0,0,0,0,0,0,0,0,0,0,0,0.75,0.25,1.0,0.34
0,0.75,0,0,0,0,0,0,0,0,0,0,0,0,0,0.75,0.25,1.0,0.34
0,0,0.75,0,0,0,0,0,0,0,0,0,0,0,0,0.75,0.25,1.0,0.34
0,0,0,0.75,0,0,0,0,0,0,0,0,0,0,0,0.75,0.25,1.0,0.34
0,0,0,0,0.75,0,0,0,0,0,0,0,0,0,0,0.75,0.25,1.0,0.34
0,0,0,0,0,0.75,0,0,0,0,0,0,0,0,0,0.75,0.25,1.0,0.34
0,0,0,0,0,0,0.75,0,0,0,0,0,0,0,0,0.75,0.25,1.0,0.34
0,0,0,0,0,0,0,0.75,0,0,0,0,0,0,0,0.75,0.25,1.0,0.34
0,0,0,0,0,0,0,0,0.75,0,0,0,0,0,0,0.75,0.25,1.0,0.34
0,0,0,0,0,0,0,0,0,0.75,0,0,0,0,0,0.75,0.25,1.0,0.34
0,0,0,0,0,0,0,0,0,0,0.75,0,0,0,0,0.75,0.25,1.0,0.34
0,0,0,0,0,0,0,0,0,0,0,0.75,0,0,0,0.75,0.25,1.0,0.34
0,0,0,0,0,0,0,0,0,0,0,0,0.75,0,0,0.75,0.25,1.0,0.34
0,0,0,0,0,0,0,0,0,0,0,0,0,0.75,0,0.75,0.25,1.0,0.34
0,0,0,0,0,0,0,0,0,0,0,0,0,0,0.75,0.75,0.25,1.0,0.34
0.75,0,0,0,0,0,0,0,0,0,0,0,0,0,0,0.75,0.5,1.0,0.41500000000000004
0,0.75,0,0,0,0,0,0,0,0,0,0,0,0,0,0.75,0.5,1.0,0.41500000000000004
0,0,0.75,0,0,0,0,0,0,0,0,0,0,0,0,0.75,0.5,1.0,0.41500000000000004
0,0,0,0.75,0,0,0,0,0,0,0,0,0,0,0,0.75,0.5,1.0,0.41500000000000004
0,0,0,0,0.75,0,0,0,0,0,0,0,0,0,0,0.75,0.5,1.0,0.41500000000000004
0,0,0,0,0,0.75,0,0,0,0,0,0,0,0,0,0.75,0.5,1.0,0.41500000000000004
0,0,0,0,0,0,0.75,0,0,0,0,0,0,0,0,0.75,0.5,1.0,0.41500000000000004
0,0,0,0,0,0,0,0.75,0,0,0,0,0,0,0,0.75,0.5,1.0,0.41500000000000004
0,0,0,0,0,0,0,0,0.75,0,0,0,0,0,0,0.75,0.5,1.0,0.41500000000000004
0,0,0,0,0,0,0,0,0,0.75,0,0,0,0,0,0.75,0.5,1.0,0.41500000000000004
0,0,0,0,0,0,0,0,0,0,0.75,0,0,0,0,0.75,0.5,1.0,0.41500000000000004
0,0,0,0,0,0,0,0,0,0,0,0.75,0,0,0,0.75,0.5,1.0,0.41500000000000004
0,0,0,0,0,0,0,0,0,0,0,0,0.75,0,0,0.75,0.5,1.0,0.41500000000000004
0,0,0,0,0,0,0,0,0,0,0,0,0,0.75,0,0.75,0.5,1.0,0.41500000000000004
0,0,0,0,0,0,0,0,0,0,0,0,0,0,0.75,0.75,0.5,1.0,0.41500000000000004
0.75,0,0,0,0,0,0,0,0,0,0,0,0,0,0,0.75,0.75,1.0,0.49
0,0.75,0,0,0,0,0,0,0,0,0,0,0,0,0,0.75,0.75,1.0,0.49
0,0,0.75,0,0,0,0,0,0,0,0,0,0,0,0,0.75,0.75,1.0,0.49
0,0,0,0.75,0,0,0,0,0,0,0,0,0,0,0,0.75,0.75,1.0,0.49
0,0,0,0,0.75,0,0,0,0,0,0,0,0,0,0,0.75,0.75,1.0,0.49
0,0,0,0,0,0.75,0,0,0,0,0,0,0,0,0,0.75,0.75,1.0,0.49
0,0,0,0,0,0,0.75,0,0,0,0,0,0,0,0,0.75,0.75,1.0,0.49
0,0,0,0,0,0,0,0.75,0,0,0,0,0,0,0,0.75,0.75,1.0,0.49
0,0,0,0,0,0,0,0,0.75,0,0,0,0,0,0,0.75,0.75,1.0,0.49
0,0,0,0,0,0,0,0,0,0.75,0,0,0,0,0,0.75,0.75,1.0,0.49
0,0,0,0,0,0,0,0,0,0,0.75,0,0,0,0,0.75,0.75,1.0,0.49
0,0,0,0,0,0,0,0,0,0,0,0.75,0,0,0,0.75,0.75,1.0,0.49
0,0,0,0,0,0,0,0,0,0,0,0,0.75,0,0,0.75,0.75,1.0,0.49
0,0,0,0,0,0,0,0,0,0,0,0,0,0.75,0,0.75,0.75,1.0,0.49
0,0,0,0,0,0,0,0,0,0,0,0,0,0,0.75,0.75,0.75,1.0,0.49
0.75,0,0,0,0,0,0,0,0,0,0,0,0,0,0,0.75,1.0,1.0,0.5650000000000001
0,0.75,0,0,0,0,0,0,0,0,0,0,0,0,0,0.75,1.0,1.0,0.5650000000000001
0,0,0.75,0,0,0,0,0,0,0,0,0,0,0,0,0.75,1.0,1.0,0.5650000000000001
0,0,0,0.75,0,0,0,0,0,0,0,0,0,0,0,0.75,1.0,1.0,0.5650000000000001
0,0,0,0,0.75,0,0,0,0,0,0,0,0,0,0,0.75,1.0,1.0,0.5650000000000001
0,0,0,0,0,0.75,0,0,0,0,0,0,0,0,0,0.75,1.0,1.0,0.5650000000000001
0,0,0,0,0,0,0.75,0,0,0,0,0,0,0,0,0.75,1.0,1.0,0.5650000000000001
0,0,0,0,0,0,0,0.75,0,0,0,0,0,0,0,0.75,1.0,1.0,0.5650000000000001
0,0,0,0,0,0,0,0,0.75,0,0,0,0,0,0,0.75,1.0,1.0,0.5650000000000001
0,0,0,0,0,0,0,0,0,0.75,0,0,0,0,0,0.75,1.0,1.0,0.5650000000000001
0,0,0,0,0,0,0,0,0,0,0.75,0,0,0,0,0.75,1.0,1.0,0.5650000000000001
0,0,0,0,0,0,0,0,0,0,0,0.75,0,0,0,0.75,1.0,1.0,0.5650000000000001
0,0,0,0,0,0,0,0,0,0,0,0,0.75,0,0,0.75,1.0,1.0,0.5650000000000001
0,0,0,0,0,0,0,0,0,0,0,0,0,0.75,0,0.75,1.0,1.0,0.5650000000000001
0,0,0,0,0,0,0,0,0,0,0,0,0,0,0.75,0.75,1.0,1.0,0.5650000000000001
1.0,0,0,0,0,0,0,0,0,0,0,0,0,0,0,1.0,0.25,0.25,0.32
0,1.0,0,0,0,0,0,0,0,0,0,0,0,0,0,1.0,0.25,0.25,0.32
0,0,1.0,0,0,0,0,0,0,0,0,0,0,0,0,1.0,0.25,0.25,0.32
0,0,0,1.0,0,0,0,0,0,0,0,0,0,0,0,1.0,0.25,0.25,0.32
0,0,0,0,1.0,0,0,0,0,0,0,0,0,0,0,1.0,0.25,0.25,0.32
0,0,0,0,0,1.0,0,0,0,0,0,0,0,0,0,1.0,0.25,0.25,0.32
0,0,0,0,0,0,1.0,0,0,0,0,0,0,0,0,1.0,0.25,0.25,0.32
0,0,0,0,0,0,0,1.0,0,0,0,0,0,0,0,1.0,0.25,0.25,0.32
0,0,0,0,0,0,0,0,1.0,0,0,0,0,0,0,1.0,0.25,0.25,0.32
0,0,0,0,0,0,0,0,0,1.0,0,0,0,0,0,1.0,0.25,0.25,0.32
0,0,0,0,0,0,0,0,0,0,1.0,0,0,0,0,1.0,0.25,0.25,0.32
0,0,0,0,0,0,0,0,0,0,0,1.0,0,0,0,1.0,0.25,0.25,0.32
0,0,0,0,0,0,0,0,0,0,0,0,1.0,0,0,1.0,0.25,0.25,0.32
0,0,0,0,0,0,0,0,0,0,0,0,0,1.0,0,1.0,0.25,0.25,0.32
0,0,0,0,0,0,0,0,0,0,0,0,0,0,1.0,1.0,0.25,0.25,0.32
1.0,0,0,0,0,0,0,0,0,0,0,0,0,0,0,1.0,0.5,0.25,0.395
0,1.0,0,0,0,0,0,0,0,0,0,0,0,0,0,1.0,0.5,0.25,0.395
0,0,1.0,0,0,0,0,0,0,0,0,0,0,0,0,1.0,0.5,0.25,0.395
0,0,0,1.0,0,0,0,0,0,0,0,0,0,0,0,1.0,0.5,0.25,0.395
0,0,0,0,1.0,0,0,0,0,0,0,0,0,0,0,1.0,0.5,0.25,0.395
0,0,0,0,0,1.0,0,0,0,0,0,0,0,0,0,1.0,0.5,0.25,0.395
0,0,0,0,0,0,1.0,0,0,0,0,0,0,0,0,1.0,0.5,0.25,0.395
0,0,0,0,0,0,0,1.0,0,0,0,0,0,0,0,1.0,0.5,0.25,0.395
0,0,0,0,0,0,0,0,1.0,0,0,0,0,0,0,1.0,0.5,0.25,0.395
0,0,0,0,0,0,0,0,0,1.0,0,0,0,0,0,1.0,0.5,0.25,0.395
0,0,0,0,0,0,0,0,0,0,1.0,0,0,0,0,1.0,0.5,0.25,0.395
0,0,0,0,0,0,0,0,0,0,0,1.0,0,0,0,1.0,0.5,0.25,0.395
0,0,0,0,0,0,0,0,0,0,0,0,1.0,0,0,1.0,0.5,0.25,0.395
0,0,0,0,0,0,0,0,0,0,0,0,0,1.0,0,1.0,0.5,0.25,0.395
0,0,0,0,0,0,0,0,0,0,0,0,0,0,1.0,1.0,0.5,0.25,0.395
1.0,0,0,0,0,0,0,0,0,0,0,0,0,0,0,1.0,0.75,0.25,0.47
0,1.0,0,0,0,0,0,0,0,0,0,0,0,0,0,1.0,0.75,0.25,0.47
0,0,1.0,0,0,0,0,0,0,0,0,0,0,0,0,1.0,0.75,0.25,0.47
0,0,0,1.0,0,0,0,0,0,0,0,0,0,0,0,1.0,0.75,0.25,0.47
0,0,0,0,1.0,0,0,0,0,0,0,0,0,0,0,1.0,0.75,0.25,0.47
0,0,0,0,0,1.0,0,0,0,0,0,0,0,0,0,1.0,0.75,0.25,0.47
0,0,0,0,0,0,1.0,0,0,0,0,0,0,0,0,1.0,0.75,0.25,0.47
0,0,0,0,0,0,0,1.0,0,0,0,0,0,0,0,1.0,0.75,0.25,0.47
0,0,0,0,0,0,0,0,1.0,0,0,0,0,0,0,1.0,0.75,0.25,0.47
0,0,0,0,0,0,0,0,0,1.0,0,0,0,0,0,1.0,0.75,0.25,0.47
0,0,0,0,0,0,0,0,0,0,1.0,0,0,0,0,1.0,0.75,0.25,0.47
0,0,0,0,0,0,0,0,0,0,0,1.0,0,0,0,1.0,0.75,0.25,0.47
0,0,0,0,0,0,0,0,0,0,0,0,1.0,0,0,1.0,0.75,0.25,0.47
0,0,0,0,0,0,0,0,0,0,0,0,0,1.0,0,1.0,0.75,0.25,0.47
0,0,0,0,0,0,0,0,0,0,0,0,0,0,1.0,1.0,0.75,0.25,0.47
1.0,0,0,0,0,0,0,0,0,0,0,0,0,0,0,1.0,1.0,0.25,0.545
0,1.0,0,0,0,0,0,0,0,0,0,0,0,0,0,1.0,1.0,0.25,0.545
0,0,1.0,0,0,0,0,0,0,0,0,0,0,0,0,1.0,1.0,0.25,0.545
0,0,0,1.0,0,0,0,0,0,0,0,0,0,0,0,1.0,1.0,0.25,0.545
0,0,0,0,1.0,0,0,0,0,0,0,0,0,0,0,1.0,1.0,0.25,0.545
0,0,0,0,0,1.0,0,0,0,0,0,0,0,0,0,1.0,1.0,0.25,0.545
0,0,0,0,0,0,1.0,0,0,0,0,0,0,0,0,1.0,1.0,0.25,0.545
0,0,0,0,0,0,0,1.0,0,0,0,0,0,0,0,1.0,1.0,0.25,0.545
0,0,0,0,0,0,0,0,1.0,0,0,0,0,0,0,1.0,1.0,0.25,0.545
0,0,0,0,0,0,0,0,0,1.0,0,0,0,0,0,1.0,1.0,0.25,0.545
0,0,0,0,0,0,0,0,0,0,1.0,0,0,0,0,1.0,1.0,0.25,0.545
0,0,0,0,0,0,0,0,0,0,0,1.0,0,0,0,1.0,1.0,0.25,0.545
0,0,0,0,0,0,0,0,0,0,0,0,1.0,0,0,1.0,1.0,0.25,0.545
0,0,0,0,0,0,0,0,0,0,0,0,0,1.0,0,1.0,1.0,0.25,0.545
0,0,0,0,0,0,0,0,0,0,0,0,0,0,1.0,1.0,1.0,0.25,0.545
1.0,0,0,0,0,0,0,0,0,0,0,0,0,0,0,1.0,0.25,0.5,0.34500000000000003
0,1.0,0,0,0,0,0,0,0,0,0,0,0,0,0,1.0,0.25,0.5,0.34500000000000003
0,0,1.0,0,0,0,0,0,0,0,0,0,0,0,0,1.0,0.25,0.5,0.34500000000000003
0,0,0,1.0,0,0,0,0,0,0,0,0,0,0,0,1.0,0.25,0.5,0.34500000000000003
0,0,0,0,1.0,0,0,0,0,0,0,0,0,0,0,1.0,0.25,0.5,0.34500000000000003
0,0,0,0,0,1.0,0,0,0,0,0,0,0,0,0,1.0,0.25,0.5,0.34500000000000003
0,0,0,0,0,0,1.0,0,0,0,0,0,0,0,0,1.0,0.25,0.5,0.34500000000000003
0,0,0,0,0,0,0,1.0,0,0,0,0,0,0,0,1.0,0.25,0.5,0.34500000000000003
0,0,0,0,0,0,0,0,1.0,0,0,0,0,0,0,1.0,0.25,0.5,0.34500000000000003
0,0,0,0,0,0,0,0,0,1.0,0,0,0,0,0,1.0,0.25,0.5,0.34500000000000003
0,0,0,0,0,0,0,0,0,0,1.0,0,0,0,0,1.0,0.25,0.5,0.34500000000000003
0,0,0,0,0,0,0,0,0,0,0,1.0,0,0,0,1.0,0.25,0.5,0.34500000000000003
0,0,0,0,0,0,0,0,0,0,0,0,1.0,0,0,1.0,0.25,0.5,0.34500000000000003
0,0,0,0,0,0,0,0,0,0,0,0,0,1.0,0,1.0,0.25,0.5,0.34500000000000003
0,0,0,0,0,0,0,0,0,0,0,0,0,0,1.0,1.0,0.25,0.5,0.34500000000000003
1.0,0,0,0,0,0,0,0,0,0,0,0,0,0,0,1.0,0.5,0.5,0.42000000000000004
0,1.0,0,0,0,0,0,0,0,0,0,0,0,0,0,1.0,0.5,0.5,0.42000000000000004
0,0,1.0,0,0,0,0,0,0,0,0,0,0,0,0,1.0,0.5,0.5,0.42000000000000004
0,0,0,1.0,0,0,0,0,0,0,0,0,0,0,0,1.0,0.5,0.5,0.42000000000000004
0,0,0,0,1.0,0,0,0,0,0,0,0,0,0,0,1.0,0.5,0.5,0.42000000000000004
0,0,0,0,0,1.0,0,0,0,0,0,0,0,0,0,1.0,0.5,0.5,0.42000000000000004
0,0,0,0,0,0,1.0,0,0,0,0,0,0,0,0,1.0,0.5,0.5,0.42000000000000004
0,0,0,0,0,0,0,1.0,0,0,0,0,0,0,0,1.0,0.5,0.5,0.42000000000000004
0,0,0,0,0,0,0,0,1.0,0,0,0,0,0,0,1.0,0.5,0.5,0.42000000000000004
0,0,0,0,0,0,0,0,0,1.0,0,0,0,0,0,1.0,0.5,0.5,0.42000000000000004
0,0,0,0,0,0,0,0,0,0,1.0,0,0,0,0,1.0,0.5,0.5,0.42000000000000004
0,0,0,0,0,0,0,0,0,0,0,1.0,0,0,0,1.0,0.5,0.5,0.42000000000000004
0,0,0,0,0,0,0,0,0,0,0,0,1.0,0,0,1.0,0.5,0.5,0.42000000000000004
0,0,0,0,0,0,0,0,0,0,0,0,0,1.0,0,1.0,0.5,0.5,0.42000000000000004
0,0,0,0,0,0,0,0,0,0,0,0,0,0,1.0,1.0,0.5,0.5,0.42000000000000004
1.0,0,0,0,0,0,0,0,0,0,0,0,0,0,0,1.0,0.75,0.5,0.495
0,1.0,0,0,0,0,0,0,0,0,0,0,0,0,0,1.0,0.75,0.5,0.495
0,0,1.0,0,0,0,0,0,0,0,0,0,0,0,0,1.0,0.75,0.5,0.495
0,0,0,1.0,0,0,0,0,0,0,0,0,0,0,0,1.0,0.75,0.5,0.495
0,0,0,0,1.0,0,0,0,0,0,0,0,0,0,0,1.0,0.75,0.5,0.495
0,0,0,0,0,1.0,0,0,0,0,0,0,0,0,0,1.0,0.75,0.5,0.495
0,0,0,0,0,0,1.0,0,0,0,0,0,0,0,0,1.0,0.75,0.5,0.495
0,0,0,0,0,0,0,1.0,0,0,0,0,0,0,0,1.0,0.75,0.5,0.495
0,0,0,0,0,0,0,0,1.0,0,0,0,0,0,0,1.0,0.75,0.5,0.495
0,0,0,0,0,0,0,0,0,1.0,0,0,0,0,0,1.0,0.75,0.5,0.495
0,0,0,0,0,0,0,0,0,0,1.0,0,0,0,0,1.0,0.75,0.5,0.495
0,0,0,0,0,0,0,0,0,0,0,1.0,0,0,0,1.0,0.75,0.5,0.495
0,0,0,0,0,0,0,0,0,0,0,0,1.0,0,0,1.0,0.75,0.5,0.495
0,0,0,0,0,0,0,0,0,0,0,0,0,1.0,0,1.0,0.75,0.5,0.495
0,0,0,0,0,0,0,0,0,0,0,0,0,0,1.0,1.0,0.75,0.5,0.495
1.0,0,0,0,0,0,0,0,0,0,0,0,0,0,0,1.0,1.0,0.5,0.5700000000000001
0,1.0,0,0,0,0,0,0,0,0,0,0,0,0,0,1.0,1.0,0.5,0.5700000000000001
0,0,1.0,0,0,0,0,0,0,0,0,0,0,0,0,1.0,1.0,0.5,0.5700000000000001
0,0,0,1.0,0,0,0,0,0,0,0,0,0,0,0,1.0,1.0,0.5,0.5700000000000001
0,0,0,0,1.0,0,0,0,0,0,0,0,0,0,0,1.0,1.0,0.5,0.5700000000000001
0,0,0,0,0,1.0,0,0,0,0,0,0,0,0,0,1.0,1.0,0.5,0.5700000000000001
0,0,0,0,0,0,1.0,0,0,0,0,0,0,0,0,1.0,1.0,0.5,0.5700000000000001
0,0,0,0,0,0,0,1.0,0,0,0,0,0,0,0,1.0,1.0,0.5,0.5700000000000001
0,0,0,0,0,0,0,0,1.0,0,0,0,0,0,0,1.0,1.0,0.5,0.5700000000000001
0,0,0,0,0,0,0,0,0,1.0,0,0,0,0,0,1.0,1.0,0.5,0.5700000000000001
0,0,0,0,0,0,0,0,0,0,1.0,0,0,0,0,1.0,1.0,0.5,0.5700000000000001
0,0,0,0,0,0,0,0,0,0,0,1.0,0,0,0,1.0,1.0,0.5,0.5700000000000001
0,0,0,0,0,0,0,0,0,0,0,0,1.0,0,0,1.0,1.0,0.5,0.5700000000000001
0,0,0,0,0,0,0,0,0,0,0,0,0,1.0,0,1.0,1.0,0.5,0.5700000000000001
0,0,0,0,0,0,0,0,0,0,0,0,0,0,1.0,1.0,1.0,0.5,0.5700000000000001
1.0,0,0,0,0,0,0,0,0,0,0,0,0,0,0,1.0,0.25,0.75,0.37000000000000005
0,1.0,0,0,0,0,0,0,0,0,0,0,0,0,0,1.0,0.25,0.75,0.37000000000000005
0,0,1.0,0,0,0,0,0,0,0,0,0,0,0,0,1.0,0.25,0.75,0.37000000000000005
0,0,0,1.0,0,0,0,0,0,0,0,0,0,0,0,1.0,0.25,0.75,0.37000000000000005
0,0,0,0,1.0,0,0,0,0,0,0,0,0,0,0,1.0,0.25,0.75,0.37000000000000005
0,0,0,0,0,1.0,0,0,0,0,0,0,0,0,0,1.0,0.25,0.75,0.37000000000000005
0,0,0,0,0,0,1.0,0,0,0,0,0,0,0,0,1.0,0.25,0.75,0.37000000000000005
0,0,0,0,0,0,0,1.0,0,0,0,0,0,0,0,1.0,0.25,0.75,0.37000000000000005
0,0,0,0,0,0,0,0,1.0,0,0,0,0,0,0,1.0,0.25,0.75,0.37000000000000005
0,0,0,0,0,0,0,0,0,1.0,0,0,0,0,0,1.0,0.25,0.75,0.37000000000000005
0,0,0,0,0,0,0,0,0,0,1.0,0,0,0,0,1.0,0.25,0.75,0.37000000000000005
0,0,0,0,0,0,0,0,0,0,0,1.0,0,0,0,1.0,0.25,0.75,0.37000000000000005
0,0,0,0,0,0,0,0,0,0,0,0,1.0,0,0,1.0,0.25,0.75,0.37000000000000005
0,0,0,0,0,0,0,0,0,0,0,0,0,1.0,0,1.0,0.25,0.75,0.37000000000000005
0,0,0,0,0,0,0,0,0,0,0,0,0,0,1.0,1.0,0.25,0.75,0.37000000000000005
1.0,0,0,0,0,0,0,0,0,0,0,0,0,0,0,1.0,0.5,0.75,0.44500000000000006
0,1.0,0,0,0,0,0,0,0,0,0,0,0,0,0,1.0,0.5,0.75,0.44500000000000006
0,0,1.0,0,0,0,0,0,0,0,0,0,0,0,0,1.0,0.5,0.75,0.44500000000000006
0,0,0,1.0,0,0,0,0,0,0,0,0,0,0,0,1.0,0.5,0.75,0.44500000000000006
0,0,0,0,1.0,0,0,0,0,0,0,0,0,0,0,1.0,0.5,0.75,0.44500000000000006
0,0,0,0,0,1.0,0,0,0,0,0,0,0,0,0,1.0,0.5,0.75,0.44500000000000006
0,0,0,0,0,0,1.0,0,0,0,0,0,0,0,0,1.0,0.5,0.75,0.44500000000000006
0,0,0,0,0,0,0,1.0,0,0,0,0,0,0,0,1.0,0.5,0.75,0.44500000000000006
0,0,0,0,0,0,0,0,1.0,0,0,0,0,0,0,1.0,0.5,0.75,0.44500000000000006
0,0,0,0,0,0,0,0,0,1.0,0,0,0,0,0,1.0,0.5,0.75,0.44500000000000006
0,0,0,0,0,0,0,0,0,0,1.0,0,0,0,0,1.0,0.5,0.75,0.44500000000000006
0,0,0,0,0,0,0,0,0,0,0,1.0,0,0,0,1.0,0.5,0.75,0.44500000000000006
0,0,0,0,0,0,0,0,0,0,0,0,1.0,0,0,1.0,0.5,0.75,0.44500000000000006
0,0,0,0,0,0,0,0,0,0,0,0,0,1.0,0,1.0,0.5,0.75,0.44500000000000006
0,0,0,0,0,0,0,0,0,0,0,0,0,0,1.0,1.0,0.5,0.75,0.44500000000000006
1.0,0,0,0,0,0,0,0,0,0,0,0,0,0,0,1.0,0.75,0.75,0.52
0,1.0,0,0,0,0,0,0,0,0,0,0,0,0,0,1.0,0.75,0.75,0.52
0,0,1.0,0,0,0,0,0,0,0,0,0,0,0,0,1.0,0.75,0.75,0.52
0,0,0,1.0,0,0,0,0,0,0,0,0,0,0,0,1.0,0.75,0.75,0.52
0,0,0,0,1.0,0,0,0,0,0,0,0,0,0,0,1.0,0.75,0.75,0.52
0,0,0,0,0,1.0,0,0,0,0,0,0,0,0,0,1.0,0.75,0.75,0.52
0,0,0,0,0,0,1.0,0,0,0,0,0,0,0,0,1.0,0.75,0.75,0.52
0,0,0,0,0,0,0,1.0,0,0,0,0,0,0,0,1.0,0.75,0.75,0.52
0,0,0,0,0,0,0,0,1.0,0,0,0,0,0,0,1.0,0.75,0.75,0.52
0,0,0,0,0,0,0,0,0,1.0,0,0,0,0,0,1.0,0.75,0.75,0.52
0,0,0,0,0,0,0,0,0,0,1.0,0,0,0,0,1.0,0.75,0.75,0.52
0,0,0,0,0,0,0,0,0,0,0,1.0,0,0,0,1.0,0.75,0.75,0.52
0,0,0,0,0,0,0,0,0,0,0,0,1.0,0,0,1.0,0.75,0.75,0.52
0,0,0,0,0,0,0,0,0,0,0,0,0,1.0,0,1.0,0.75,0.75,0.52
0,0,0,0,0,0,0,0,0,0,0,0,0,0,1.0,1.0,0.75,0.75,0.52
1.0,0,0,0,0,0,0,0,0,0,0,0,0,0,0,1.0,1.0,0.75,0.595
0,1.0,0,0,0,0,0,0,0,0,0,0,0,0,0,1.0,1.0,0.75,0.595
0,0,1.0,0,0,0,0,0,0,0,0,0,0,0,0,1.0,1.0,0.75,0.595
0,0,0,1.0,0,0,0,0,0,0,0,0,0,0,0,1.0,1.0,0.75,0.595
0,0,0,0,1.0,0,0,0,0,0,0,0,0,0,0,1.0,1.0,0.75,0.595
0,0,0,0,0,1.0,0,0,0,0,0,0,0,0,0,1.0,1.0,0.75,0.595
0,0,0,0,0,0,1.0,0,0,0,0,0,0,0,0,1.0,1.0,0.75,0.595
0,0,0,0,0,0,0,1.0,0,0,0,0,0,0,0,1.0,1.0,0.75,0.595
0,0,0,0,0,0,0,0,1.0,0,0,0,0,0,0,1.0,1.0,0.75,0.595
0,0,0,0,0,0,0,0,0,1.0,0,0,0,0,0,1.0,1.0,0.75,0.595
0,0,0,0,0,0,0,0,0,0,1.0,0,0,0,0,1.0,1.0,0.75,0.595
0,0,0,0,0,0,0,0,0,0,0,1.0,0,0,0,1.0,1.0,0.75,0.595
0,0,0,0,0,0,0,0,0,0,0,0,1.0,0,0,1.0,1.0,0.75,0.595
0,0,0,0,0,0,0,0,0,0,0,0,0,1.0,0,1.0,1.0,0.75,0.595
0,0,0,0,0,0,0,0,0,0,0,0,0,0,1.0,1.0,1.0,0.75,0.595
1.0,0,0,0,0,0,0,0,0,0,0,0,0,0,0,1.0,0.25,1.0,0.3950000000000001
0,1.0,0,0,0,0,0,0,0,0,0,0,0,0,0,1.0,0.25,1.0,0.3950000000000001
0,0,1.0,0,0,0,0,0,0,0,0,0,0,0,0,1.0,0.25,1.0,0.3950000000000001
0,0,0,1.0,0,0,0,0,0,0,0,0,0,0,0,1.0,0.25,1.0,0.3950000000000001
0,0,0,0,1.0,0,0,0,0,0,0,0,0,0,0,1.0,0.25,1.0,0.3950000000000001
0,0,0,0,0,1.0,0,0,0,0,0,0,0,0,0,1.0,0.25,1.0,0.3950000000000001
0,0,0,0,0,0,1.0,0,0,0,0,0,0,0,0,1.0,0.25,1.0,0.3950000000000001
0,0,0,0,0,0,0,1.0,0,0,0,0,0,0,0,1.0,0.25,1.0,0.3950000000000001
0,0,0,0,0,0,0,0,1.0,0,0,0,0,0,0,1.0,0.25,1.0,0.3950000000000001
0,0,0,0,0,0,0,0,0,1.0,0,0,0,0,0,1.0,0.25,1.0,0.3950000000000001
0,0,0,0,0,0,0,0,0,0,1.0,0,0,0,0,1.0,0.25,1.0,0.3950000000000001
0,0,0,0,0,0,0,0,0,0,0,1.0,0,0,0,1.0,0.25,1.0,0.3950000000000001
0,0,0,0,0,0,0,0,0,0,0,0,1.0,0,0,1.0,0.25,1.0,0.3950000000000001
0,0,0,0,0,0,0,0,0,0,0,0,0,1.0,0,1.0,0.25,1.0,0.3950000000000001
0,0,0,0,0,0,0,0,0,0,0,0,0,0,1.0,1.0,0.25,1.0,0.3950000000000001
1.0,0,0,0,0,0,0,0,0,0,0,0,0,0,0,1.0,0.5,1.0,0.4700000000000001
0,1.0,0,0,0,0,0,0,0,0,0,0,0,0,0,1.0,0.5,1.0,0.4700000000000001
0,0,1.0,0,0,0,0,0,0,0,0,0,0,0,0,1.0,0.5,1.0,0.4700000000000001
0,0,0,1.0,0,0,0,0,0,0,0,0,0,0,0,1.0,0.5,1.0,0.4700000000000001
0,0,0,0,1.0,0,0,0,0,0,0,0,0,0,0,1.0,0.5,1.0,0.4700000000000001
0,0,0,0,0,1.0,0,0,0,0,0,0,0,0,0,1.0,0.5,1.0,0.4700000000000001
0,0,0,0,0,0,1.0,0,0,0,0,0,0,0,0,1.0,0.5,1.0,0.4700000000000001
0,0,0,0,0,0,0,1.0,0,0,0,0,0,0,0,1.0,0.5,1.0,0.4700000000000001
0,0,0,0,0,0,0,0,1.0,0,0,0,0,0,0,1.0,0.5,1.0,0.4700000000000001
0,0,0,0,0,0,0,0,0,1.0,0,0,0,0,0,1.0,0.5,1.0,0.4700000000000001
0,0,0,0,0,0,0,0,0,0,1.0,0,0,0,0,1.0,0.5,1.0,0.4700000000000001
0,0,0,0,0,0,0,0,0,0,0,1.0,0,0,0,1.0,0.5,1.0,0.4700000000000001
0,0,0,0,0,0,0,0,0,0,0,0,1.0,0,0,1.0,0.5,1.0,0.4700000000000001
0,0,0,0,0,0,0,0,0,0,0,0,0,1.0,0,1.0,0.5,1.0,0.4700000000000001
0,0,0,0,0,0,0,0,0,0,0,0,0,0,1.0,1.0,0.5,1.0,0.4700000000000001
1.0,0,0,0,0,0,0,0,0,0,0,0,0,0,0,1.0,0.75,1.0,0.545
0,1.0,0,0,0,0,0,0,0,0,0,0,0,0,0,1.0,0.75,1.0,0.545
0,0,1.0,0,0,0,0,0,0,0,0,0,0,0,0,1.0,0.75,1.0,0.545
0,0,0,1.0,0,0,0,0,0,0,0,0,0,0,0,1.0,0.75,1.0,0.545
0,0,0,0,1.0,0,0,0,0,0,0,0,0,0,0,1.0,0.75,1.0,0.545
0,0,0,0,0,1.0,0,0,0,0,0,0,0,0,0,1.0,0.75,1.0,0.545
0,0,0,0,0,0,1.0,0,0,0,0,0,0,0,0,1.0,0.75,1.0,0.545
0,0,0,0,0,0,0,1.0,0,0,0,0,0,0,0,1.0,0.75,1.0,0.545
0,0,0,0,0,0,0,0,1.0,0,0,0,0,0,0,1.0,0.75,1.0,0.545
0,0,0,0,0,0,0,0,0,1.0,0,0,0,0,0,1.0,0.75,1.0,0.545
0,0,0,0,0,0,0,0,0,0,1.0,0,0,0,0,1.0,0.75,1.0,0.545
0,0,0,0,0,0,0,0,0,0,0,1.0,0,0,0,1.0,0.75,1.0,0.545
0,0,0,0,0,0,0,0,0,0,0,0,1.0,0,0,1.0,0.75,1.0,0.545
0,0,0,0,0,0,0,0,0,0,0,0,0,1.0,0,1.0,0.75,1.0,0.545
0,0,0,0,0,0,0,0,0,0,0,0,0,0,1.0,1.0,0.75,1.0,0.545
1.0,0,0,0,0,0,0,0,0,0,0,0,0,0,0,1.0,1.0,1.0,0.6200000000000001
0,1.0,0,0,0,0,0,0,0,0,0,0,0,0,0,1.0,1.0,1.0,0.6200000000000001
0,0,1.0,0,0,0,0,0,0,0,0,0,0,0,0,1.0,1.0,1.0,0.6200000000000001
0,0,0,1.0,0,0,0,0,0,0,0,0,0,0,0,1.0,1.0,1.0,0.6200000000000001
0,0,0,0,1.0,0,0,0,0,0,0,0,0,0,0,1.0,1.0,1.0,0.6200000000000001
0,0,0,0,0,1.0,0,0,0,0,0,0,0,0,0,1.0,1.0,1.0,0.6200000000000001
0,0,0,0,0,0,1.0,0,0,0,0,0,0,0,0,1.0,1.0,1.0,0.6200000000000001
0,0,0,0,0,0,0,1.0,0,0,0,0,0,0,0,1.0,1.0,1.0,0.6200000000000001
0,0,0,0,0,0,0,0,1.0,0,0,0,0,0,0,1.0,1.0,1.0,0.6200000000000001
0,0,0,0,0,0,0,0,0,1.0,0,0,0,0,0,1.0,1.0,1.0,0.6200000000000001
0,0,0,0,0,0,0,0,0,0,1.0,0,0,0,0,1.0,1.0,1.0,0.6200000000000001
0,0,0,0,0,0,0,0,0,0,0,1.0,0,0,0,1.0,1.0,1.0,0.6200000000000001
0,0,0,0,0,0,0,0,0,0,0,0,1.0,0,0,1.0,1.0,1.0,0.6200000000000001
0,0,0,0,0,0,0,0,0,0,0,0,0,1.0,0,1.0,1.0,1.0,0.6200000000000001
0,0,0,0,0,0,0,0,0,0,0,0,0,0,1.0,1.0,1.0,1.0,0.6200000000000001
