2.1667151274543093,1.0,2,551,10.676715127454308
1.5715181462077443,2.0,3,934,15.911518146207744
2.1598917863866927,1.0,5,2,8.179891786386692
2.701832457090418,1.0,4,209,9.791832457090418
1.030073100297216,0.5,4,922,14.750073100297216
1.9702204935753893,1.5,5,487,13.34022049357539
2.1612221377280205,2.0,3,866,15.821222137728022
0.0525778762305954,0.5,1,257,4.122577876230595
0.7491602281439319,2.0,2,519,9.939160228143933
0.18615661972461284,1.0,4,64,5.826156619724613
0.9927159637090796,1.5,2,782,12.31271596370908
1.3213408979690557,2.0,4,829,15.611340897969054
2.343023922284048,1.5,3,439,11.233023922284048
2.693536968500453,2.0,1,8,5.773536968500453
2.9273096751761236,1.0,1,459,9.517309675176124
2.1549338239675926,0.5,2,354,8.194933823967592
0.6275038604170532,0.5,4,709,12.217503860417054
2.6534359594148365,2.0,5,137,11.023435959414837
2.628803274178752,1.5,3,854,15.668803274178751
0.5361086341757135,1.5,1,661,9.646108634175715
2.44334956979493,0.5,1,549,9.433349569794931
0.5787853765307801,1.0,3,539,9.968785376530779
0.8399982699320929,1.0,1,473,7.569998269932094
2.720797277675371,0.5,2,605,11.27079727767537
1.40898166564236,0.5,2,711,11.018981665642361
2.7287722994709647,2.0,3,738,15.108772299470964
0.5406758913464502,2.0,1,552,9.060675891346449
1.6184589543013246,0.5,1,546,8.578458954301325
2.7539452816423555,1.0,3,751,14.263945281642355
2.8950784366164966,1.5,4,916,17.555078436616498
0.5196941319766656,0.5,1,163,3.6496941319766654
0.6902601343677814,2.0,4,740,14.090260134367782
2.6346020182530703,1.0,2,707,12.70460201825307
1.1869830628065685,2.0,2,929,14.476983062806568
0.4227696167453743,1.5,1,606,8.982769616745374
1.9925890794659513,0.5,1,786,11.352589079465952
0.6198879113555402,1.5,4,27,6.38988791135554
0.9142059540935108,2.0,2,252,7.43420595409351
2.5609345851959127,1.0,1,765,12.210934585195913
1.7577418498578359,1.0,3,389,9.647741849857836
2.289078015127213,1.0,3,978,16.06907801512721
0.4063395065689037,2.0,3,602,11.426339506568903
1.7428162566180845,1.5,3,584,12.082816256618084
0.6304353409362599,0.5,5,275,8.880435340936259
2.6850598483118304,1.0,1,879,13.47505984831183
2.176591572792637,1.5,5,423,12.906591572792637
0.6861267100705764,2.0,3,879,14.476126710070575
1.012823014365063,0.5,3,164,6.152823014365063
1.1630691104132955,0.5,2,12,3.7830691104132956
2.459442657501314,1.0,1,640,10.859442657501315
2.018231967784651,0.5,4,273,9.248231967784651
1.8368675955492457,2.0,5,529,14.126867595549246
1.2363241411220187,1.0,5,324,10.476324141122019
1.2769781605386727,0.5,3,617,10.946978160538674
0.7539768790370595,1.5,4,533,11.58397687903706
1.21827465054752,2.0,2,23,5.44827465054752
1.9428207731095357,1.5,3,769,14.132820773109536
2.750522808851273,1.5,5,753,16.780522808851273
1.5020610144085993,2.0,3,423,10.7320610144086
0.028162325375788333,2.0,1,554,8.568162325375788
1.1243609369056373,1.0,5,615,13.274360936905637
2.6347336193284523,1.0,2,308,8.714733619328452
1.436419898595938,1.5,5,924,17.176419898595938
1.101000248826891,1.0,4,980,15.901000248826891
2.1155329514098082,0.5,4,997,16.58553295140981
1.754439920345623,2.0,3,522,11.974439920345624
2.175542112197787,0.5,1,546,9.135542112197786
0.4062060997512563,2.0,1,654,9.946206099751256
2.1686991272180793,0.5,1,139,5.0586991272180795
1.834375734029992,2.0,5,660,15.434375734029992
0.2358737795937511,1.5,3,156,6.295873779593752
0.16201604213775933,1.0,4,352,8.682016042137759
1.8182823969948867,0.5,2,667,10.988282396994887
0.4275432511874584,2.0,4,919,15.617543251187458
0.16272752053958217,1.0,2,792,11.082727520539581
0.7795386264015302,2.0,1,907,12.84953862640153
0.9324249084524576,0.5,5,811,14.542424908452457
1.5437366078903798,1.5,2,955,14.593736607890381
2.632604560790222,0.5,1,444,8.572604560790221
2.233301414738029,1.5,5,624,14.97330141473803
0.05353387818332789,1.0,2,985,12.903533878183328
0.997837352290724,0.5,5,402,10.517837352290723
2.724752837990542,2.0,1,990,15.624752837990542
2.3569847049540718,2.0,2,761,13.966984704954072
2.7604003837915756,2.0,3,494,12.700400383791575
0.2177346519830663,1.0,1,84,3.057734651983066
1.313297974518103,2.0,2,970,15.013297974518103
2.3604663971881195,1.0,3,583,12.19046639718812
0.8099692600676341,1.5,3,504,10.349969260067635
2.7194060080881153,2.0,3,939,17.109406008088115
1.3735279876348199,0.5,4,322,9.09352798763482
1.9636435256105502,1.5,1,448,8.94364352561055
2.292416981285023,0.5,3,134,7.132416981285022
1.7690259502964283,1.5,2,635,11.619025950296429
0.4860771688719331,0.5,5,108,7.066077168871933
2.310944741612696,1.0,1,792,12.230944741612696
2.8542322183028213,2.0,2,438,11.234232218302822
2.5204404726472154,2.0,5,194,11.460440472647216
2.7722076268070106,1.0,5,391,12.68220762680701
0.26427821592515655,1.5,4,678,12.544278215925157
1.203197479209221,1.5,2,743,12.13319747920922
2.4987848262304304,1.5,4,672,14.71878482623043
1.0256858144250625,1.0,4,32,6.345685814425063
1.5848361606650012,1.0,3,652,12.104836160665002
0.9956776797768702,1.5,3,757,13.06567767977687
1.6728337519658476,1.5,4,400,11.172833751965847
1.3361627232160749,1.5,2,413,8.966162723216076
0.9655254738043763,1.0,5,562,12.585525473804378
0.4338037554125582,1.5,3,307,8.003803755412559
1.5046670923270498,1.0,5,808,15.584667092327049
1.188346826995317,2.0,2,512,10.308346826995317
1.6895557208152399,1.5,3,132,7.50955572081524
2.8004487074664732,1.0,5,650,15.300448707466472
0.1906589468947939,0.5,2,318,5.870658946894794
0.7197013410233769,1.5,1,271,5.929701341023376
1.7838279099723855,1.0,3,547,11.253827909972387
2.435113600277821,0.5,1,612,10.05511360027782
0.3643160154568801,2.0,1,299,6.35431601545688
1.125154718108837,1.5,4,766,14.285154718108837
2.7992789278879564,1.0,3,724,14.039278927887956
2.096686935002902,2.0,4,138,9.476686935002903
2.756456579068874,1.5,5,13,9.386456579068875
0.33337082915902305,0.5,4,703,11.863370829159024
0.8231035048115111,0.5,5,391,10.233103504811512
1.4441002235412888,0.5,2,118,5.124100223541289
2.4838049687530908,2.0,2,614,12.623804968753092
0.19266127664822186,1.0,5,492,11.112661276648222
2.727505290153476,2.0,5,938,19.107505290153476
1.1344140956202036,1.5,4,570,12.334414095620204
1.1892824276381706,2.0,5,887,17.05928242763817
1.75448873145896,1.5,2,491,10.16448873145896
2.623904326325569,2.0,1,879,14.413904326325568
0.7840862423522457,1.5,4,885,15.134086242352245
2.8809968316342793,2.0,2,59,7.470996831634279
0.19304750826163986,1.0,3,141,5.60304750826164
1.5268098857720411,1.5,4,215,9.176809885772041
1.5929761933179776,2.0,3,131,7.902976193317977
0.9401347779050397,1.5,5,610,13.540134777905038
0.013146105552983567,2.0,4,267,8.683146105552984
1.2326962827219932,2.0,5,836,16.59269628272199
0.21488037483983746,1.5,4,361,9.324880374839838
0.15613607074457148,2.0,4,778,13.93613607074457
2.3003100649126567,1.0,5,777,16.070310064912654
1.0289499883398903,1.5,1,456,8.08894998833989
0.15101732756332475,1.0,4,30,5.451017327563325
0.6696759029039309,0.5,4,871,13.879675902903932
2.94749554129946,0.5,3,645,12.89749554129946
1.3249305889263137,1.0,4,69,7.014930588926314
0.22713410010338442,2.0,4,106,7.287134100103385
0.29461001215772453,1.0,3,821,12.504610012157725
1.875470752333638,1.5,4,400,11.375470752333637
2.08656263487966,1.0,3,447,10.556562634879661
2.03388383248693,1.0,5,115,9.18388383248693
0.31707398682728605,2.0,4,578,12.097073986827287
0.6123478230259825,1.5,5,222,9.332347823025982
1.3559019852967285,1.0,4,977,16.12590198529673
1.9747751076863043,1.5,4,419,11.664775107686305
1.9481299563158507,2.0,5,985,18.79812995631585
2.8430933465274935,2.0,5,334,13.183093346527492
0.5874941502551283,1.5,2,840,12.487494150255129
0.8328035543999451,0.5,2,679,10.122803554399946
1.1064726927839459,1.0,4,298,9.086472692783946
2.9660390046836866,1.5,3,740,14.866039004683687
1.7654246046745092,1.5,4,948,16.74542460467451
0.9746558510931471,1.0,1,223,5.204655851093147
2.8330604602217075,1.5,2,801,14.343060460221707
2.195305524085452,1.5,4,567,13.365305524085452
1.7639530114128725,1.0,2,89,5.653953011412872
1.5669943369973989,2.0,2,554,11.1069943369974
0.24093457605108726,1.0,3,857,12.810934576051087
0.658736594712365,1.0,2,413,7.788736594712365
2.731106237751439,0.5,2,755,12.781106237751438
0.6240784034527964,2.0,2,965,14.274078403452798
1.1981826800402748,1.0,2,298,7.178182680040274
1.162771281188289,1.5,2,536,10.02277128118829
2.7898544825989715,1.0,4,258,10.36985448259897
1.1884670678996216,0.5,1,912,11.80846706789962
1.152493971722269,1.5,2,556,10.212493971722267
1.3675786903146387,1.0,4,318,9.547578690314639
0.5558161434235943,0.5,1,337,5.425816143423594
2.518516471073228,2.0,2,609,12.608516471073228
1.111239744474871,1.0,3,516,10.27123974447487
0.7810450169890608,1.0,5,216,8.941045016989062
0.049677263717771813,1.0,4,763,12.679677263717771
2.8807051401628643,1.0,2,99,6.8707051401628645
2.843321631541036,0.5,5,873,17.073321631541035
1.925394827862992,0.5,3,27,5.695394827862993
2.7039589024707276,1.5,4,704,15.243958902470727
2.3310363453742315,1.5,4,119,9.021036345374231
0.059795066891958015,1.5,1,18,2.739795066891958
1.0061917692854774,1.0,2,572,9.726191769285478
1.5439524963039162,0.5,2,10,4.143952496303916
0.9969359875618392,1.5,4,196,8.456935987561838
1.68841253287112,2.0,2,396,9.64841253287112
1.5614389772244337,0.5,5,238,9.441438977224433
1.798497798205726,2.0,1,22,5.0184977982057255
0.08518155386906356,1.0,3,685,10.935181553869063
2.433436390014996,0.5,3,42,6.353436390014996
2.429195498471281,0.5,5,547,13.39919549847128
0.2959510888247927,0.5,4,251,7.305951088824792
0.008122656926077276,2.0,3,502,10.028122656926076
1.1594158161923516,1.0,2,245,6.609415816192352
1.3998051662591489,0.5,5,279,9.689805166259148
2.432283803559447,1.5,2,553,11.462283803559448
2.2607077680692544,2.0,3,813,15.390707768069255
1.0080595685496196,2.0,1,696,10.96805956854962
0.17312618270711744,0.5,2,817,10.843126182707117
1.9932553016213217,1.0,3,773,13.723255301621322
1.583811017240997,2.0,4,54,8.123811017240996
1.3165551070772814,1.0,3,908,14.396555107077281
0.8636829631174854,0.5,3,858,12.943682963117485
1.3967676785343186,1.0,3,438,9.77676767853432
2.8428131004178656,1.0,4,317,11.012813100417866
1.7876980269842546,2.0,5,225,11.037698026984256
2.712532022269895,2.0,4,270,11.412532022269897
0.8108817902303949,2.0,4,579,12.600881790230396
2.852807663390123,1.0,5,536,14.212807663390123
0.5353127651428223,0.5,1,443,6.465312765142822
2.1912647818474174,0.5,3,272,8.411264781847418
1.3134277460148218,2.0,1,736,11.673427746014823
0.13729892471339522,2.0,2,220,6.337298924713395
1.4568770913724545,0.5,2,995,13.906877091372454
2.065702643559564,1.0,4,939,16.455702643559565
2.38759572531994,2.0,4,833,16.71759572531994
1.8144725571786173,2.0,3,535,12.164472557178616
1.4501636850585429,2.0,3,98,7.4301636850585435
0.2879682208697668,1.0,2,660,9.887968220869766
1.146520775214718,2.0,3,204,8.186520775214717
0.2706716201519763,1.0,2,348,6.7506716201519765
0.6039037827628351,1.5,2,889,12.993903782762835
2.860582930751507,2.0,5,912,18.980582930751506
2.6600935821265823,1.5,5,252,11.680093582126581
1.8476642934450163,0.5,2,535,9.697664293445015
0.4954607848667135,2.0,3,750,12.995460784866713
0.8271783497905263,0.5,5,839,14.717178349790526
0.760681271458114,0.5,4,364,8.900681271458115
1.1305901098150797,1.0,3,994,15.070590109815079
1.0258346957361026,1.5,1,33,3.8558346957361027
1.6420125051698504,0.5,2,920,13.34201250516985
0.9847045186926,0.5,4,284,8.324704518692599
2.979706511950797,2.0,5,737,17.349706511950796
1.7516931422527442,0.5,5,124,8.491693142252744
0.06751123040492946,2.0,3,505,10.11751123040493
2.4818817666892325,2.0,3,63,8.111881766689233
2.98217892419724,1.5,3,48,7.962178924197239
2.5094581080056675,1.5,2,108,7.089458108005667
1.078023147633962,1.0,4,533,11.408023147633962
1.0565609430013199,1.5,4,387,10.42656094300132
2.985570342878985,1.0,3,991,16.895570342878983
0.9157748586731432,1.0,2,724,11.155774858673144
0.8221021959412202,1.5,5,245,9.772102195941219
0.2824742680741319,1.0,3,394,8.222474268074132
1.4324104079915192,1.0,4,203,8.462410407991518
2.0613765514795706,1.5,4,859,16.151376551479572
2.579307726026464,0.5,1,326,7.339307726026464
1.9122409762627344,2.0,1,734,12.252240976262733
0.38202349279079806,2.0,1,887,12.252023492790798
1.3628909653420145,0.5,5,192,8.782890965342014
1.0378300949786547,1.5,2,974,14.277830094978654
2.069729871590526,1.0,3,415,10.219729871590527
0.8923510702652301,0.5,4,429,9.68235107026523
2.6457367238227674,0.5,2,49,5.635736723822768
1.1690904162075026,0.5,3,816,12.829090416207503
0.4773895442087793,1.5,5,729,14.267389544208779
1.7844055129896024,1.0,3,227,8.054405512989602
2.487891778706632,1.0,1,981,14.297891778706632
0.7325275990023562,1.5,3,48,5.712527599002357
2.112293048720352,2.0,2,261,8.722293048720351
0.10125056230126306,0.5,1,710,8.701250562301263
1.6149900699055149,1.0,1,522,8.834990069905515
1.9264333957761623,0.5,2,373,8.156433395776162
0.6112173312234149,0.5,1,179,3.901217331223415
2.4228036538179225,0.5,4,915,16.07280365381792
1.7193116468602017,0.5,5,186,9.079311646860202
0.09332980878002894,0.5,2,828,10.873329808780028
0.3341969197562916,1.0,4,304,8.37419691975629
2.111372592815277,1.0,2,160,6.711372592815277
2.052532926007811,1.0,2,161,6.662532926007811
1.3259700632762228,1.0,2,55,4.875970063276223
0.5666547993330621,1.0,1,11,2.676654799333062
0.20843627283157362,1.5,3,205,6.758436272831573
0.183372222030611,1.0,1,884,11.023372222030611
0.20868426058719192,1.0,3,601,10.218684260587192
1.7347872309863275,1.0,2,220,6.934787230986328
2.826882864447337,0.5,4,990,17.226882864447337
1.3210401832692729,1.0,5,579,13.111040183269273
2.3990664661022847,0.5,2,384,8.739066466102285
0.6664261680248662,1.5,2,76,4.926426168024866
0.632702523568643,0.5,4,536,10.492702523568642
2.523502279042492,1.0,2,458,10.103502279042491
1.862278616903756,2.0,1,258,7.4422786169037565
2.516058170579837,1.0,3,607,12.586058170579838
0.3818367468528635,1.5,3,185,6.7318367468528635
1.837401576932883,2.0,5,563,14.467401576932883
2.018749657051024,1.5,2,226,7.778749657051024
1.11765372693218,1.5,1,509,8.707653726932179
1.1859351751096843,1.5,4,399,10.675935175109684
0.612391145896277,2.0,4,965,16.262391145896277
1.0644341758150997,1.0,1,56,3.6244341758150997
2.544077134770399,0.5,4,417,11.214077134770399
2.499432407012401,1.5,5,308,12.079432407012401
1.0538803583508098,1.5,2,132,5.87388035835081
0.2744871104259683,2.0,4,438,10.654487110425968
0.8737827504983494,2.0,2,44,5.31378275049835
2.680073787282744,1.5,4,663,14.810073787282743
0.32133508629901264,0.5,3,51,4.3313350862990125
0.441227273060247,1.5,1,458,7.521227273060247
2.338213461874368,2.0,1,501,10.348213461874368
0.5274681307341641,1.0,4,696,12.487468130734165
1.5767466571785722,1.0,5,156,9.136746657178572
2.6819672057284336,1.5,4,784,16.021967205728433
0.4131029395455993,0.5,4,432,9.2331029395456
2.7426176684697205,1.5,2,126,7.50261766846972
0.18674216551756995,0.5,4,789,12.576742165517569
1.4705936360345206,2.0,2,804,13.51059363603452
1.9042337047417266,0.5,2,384,8.244233704741728
1.9854449866933868,2.0,4,26,8.245444986693387
1.8780098265921974,1.5,3,158,7.958009826592198
0.3705510160199089,2.0,2,27,4.640551016019909
2.3341072688596887,0.5,3,506,10.894107268859688
2.7534023900944633,1.5,3,153,8.783402390094462
2.618702070171672,0.5,3,417,10.288702070171672
0.4189005965926428,1.0,2,156,4.978900596592643
2.5299188889699042,2.0,4,167,10.199918888969904
1.1198298741016042,0.5,1,576,8.379829874101604
0.5024835751268286,1.0,3,572,10.222483575126828
0.05818289257818421,0.5,2,701,9.568182892578184
2.749450867091959,2.0,3,951,17.259450867091957
2.8242768637816162,0.5,2,253,7.854276863781616
0.4738042169282405,0.5,1,169,3.6638042169282405
2.113376933157588,1.0,4,758,14.693376933157587
2.926172799758715,0.5,4,534,12.766172799758715
1.0215592164972258,1.0,3,260,7.621559216497225
0.13457873227506556,0.5,2,557,8.204578732275067
0.9238592793939835,0.5,5,262,9.043859279393985
1.2341483402543214,0.5,2,191,5.644148340254321
2.607395016660371,1.0,4,181,9.417395016660372
2.130050510893297,2.0,3,278,9.910050510893297
1.7324705149547528,0.5,2,851,12.742470514954753
1.684541537375029,1.0,1,440,8.08454153737503
1.3855291849608204,1.5,2,710,11.98552918496082
0.724019744577288,2.0,5,826,15.984019744577289
2.6601563057917486,2.0,4,650,15.160156305791748
0.4084424024851442,0.5,3,240,6.308442402485144
2.0603045109439573,1.0,1,712,11.180304510943959
0.0857451309249665,1.5,1,733,9.915745130924966
1.3792996341149601,1.0,5,182,9.19929963411496
0.011926288647942762,1.5,3,882,13.331926288647942
1.9673223288028892,2.0,5,340,12.36732232880289
2.4214011194351626,1.0,2,83,6.251401119435163
0.9094814075357668,1.5,1,59,3.9994814075357668
0.5834556564139621,1.5,5,966,16.743455656413964
0.10326035276380019,1.5,3,828,12.883260352763799
1.2113070377974062,1.0,1,55,3.7613070377974065
2.7491837182480108,2.0,5,924,18.98918371824801
2.6404307350398497,2.0,3,734,14.98043073503985
0.6169913159702911,1.0,4,493,10.546991315970292
1.485372621977596,2.0,5,139,9.875372621977597
2.91453229868742,1.0,1,534,10.254532298687419
0.6462225268862507,2.0,2,919,13.83622252688625
0.2668870971980304,1.5,3,297,7.73688709719803
2.5546312353829514,0.5,3,982,15.874631235382951
0.40656019972277,1.0,4,87,6.276560199722771
2.336784150627776,1.5,4,43,8.266784150627776
1.615301524039102,1.0,4,272,9.335301524039103
1.4970219018486564,1.0,1,584,9.337021901848656
2.782510552529553,0.5,4,199,9.272510552529553
0.5824917385145187,1.5,2,821,12.29249173851452
0.09649688225466224,1.0,4,29,5.386496882254662
2.187718379866956,0.5,3,251,8.197718379866956
2.139490905812978,2.0,3,874,15.879490905812979
1.5909697233911002,0.5,2,127,5.360969723391101
2.7869038322507755,2.0,1,359,9.376903832250775
1.596942198942724,1.5,2,611,11.206942198942723
2.7896145129341123,0.5,2,505,10.339614512934112
2.028728853947504,1.5,4,73,8.258728853947504
0.8591723429933673,1.5,1,784,11.199172342993368
0.23157367310739496,2.0,3,532,10.551573673107395
1.6311079450451325,2.0,5,443,13.061107945045132
1.5180073694529284,1.0,2,888,13.39800736945293
2.9743433096993503,1.5,3,300,10.47434330969935
1.101595090121494,1.5,1,508,8.681595090121494
2.698295871238323,1.5,4,299,11.188295871238322
1.7748239814644462,0.5,1,145,4.724823981464446
1.7500836659612702,1.5,1,258,6.83008366596127
2.917943082068592,1.0,4,244,10.357943082068592
2.415355969677643,2.0,4,636,14.775355969677644
1.2728928852966082,2.0,1,221,6.482892885296608
0.12632804783627494,1.5,2,54,4.166328047836275
2.9817994364796108,1.0,5,422,13.201799436479611
1.3235398896418005,2.0,5,238,10.7035398896418
1.3791641820000335,1.5,1,712,10.999164182000033
1.020118296299365,0.5,4,747,12.990118296299364
1.9195739373764678,1.0,1,696,10.879573937376467
1.2355171465570591,2.0,5,343,11.66551714655706
1.3804321617019912,1.5,3,810,13.98043216170199
0.03387464371617632,0.5,1,664,8.173874643716175
0.6405226027331519,0.5,4,923,14.370522602733153
0.6270698284314129,1.5,1,510,8.227069828431413
0.6507032716139105,1.0,3,214,6.790703271613911
1.8909630679938392,1.5,1,718,11.570963067993839
2.112428051737523,0.5,2,74,5.352428051737523
2.713992084587334,1.0,2,511,10.823992084587335
0.028471055692941727,0.5,3,848,12.008471055692942
2.085778036704228,1.5,2,614,11.725778036704227
1.249849868142284,1.5,2,263,7.379849868142284
0.15421566872864623,2.0,3,587,11.024215668728647
0.15169206851946104,1.0,4,144,6.59169206851946
0.9526191322116574,0.5,3,179,6.242619132211657
2.465390809295474,2.0,2,787,14.335390809295475
1.748088671410259,1.5,2,156,6.808088671410259
1.8632503094787132,0.5,1,728,10.643250309478713
0.36005290366971565,1.0,4,348,8.840052903669715
0.6663161005046252,1.0,5,200,8.666316100504625
0.15318850758729252,1.5,1,672,9.373188507587292
2.306196125542045,1.0,3,786,14.166196125542045
1.9800104206659004,1.5,2,706,12.5400104206659
0.9501437064287567,0.5,1,916,11.610143706428756
1.6166612995091412,0.5,1,648,9.596661299509142
1.490402609700312,1.5,4,939,16.38040260970031
2.6461228581644285,1.5,2,722,13.366122858164427
1.8451333369480418,1.5,4,837,15.71513333694804
0.9127794062033799,2.0,2,190,6.812779406203379
1.059868425490843,1.5,4,519,11.749868425490844
2.297734627377755,1.0,4,652,13.817734627377755
2.1445732145512886,1.5,2,116,6.804573214551288
1.2474346919298909,1.0,4,300,9.247434691929891
0.6260829679269343,2.0,2,572,10.346082967926934
2.31106993066063,1.0,1,971,14.02106993066063
0.825358150219004,2.0,3,943,15.255358150219003
2.716680955745877,1.0,2,98,6.696680955745878
1.9957921584476428,0.5,1,180,5.295792158447643
2.538842822203014,2.0,2,216,8.698842822203014
2.2781563951936805,1.5,4,732,15.09815639519368
1.9918092465108739,0.5,4,90,7.391809246510874
0.7025515512331693,1.0,5,936,16.06255155123317
1.980913197412576,1.0,1,523,9.210913197412577
0.5723083384471293,0.5,4,542,10.49230833844713
2.8313221642037543,0.5,2,698,12.311322164203755
0.4335411566671131,1.5,4,718,13.113541156667113
0.6798524334005682,2.0,5,544,13.119852433400569
2.2863315931751798,0.5,3,439,10.17633159317518
1.6154400686071586,1.0,2,569,10.305440068607158
1.1414166608642713,1.5,1,285,6.491416660864271
0.7420320057617673,1.0,2,25,3.992032005761767
0.17797401765817378,1.0,3,512,9.297974017658174
0.04302645122765414,2.0,2,41,4.453026451227654
1.8900453133141002,0.5,1,778,11.1700453133141
1.6815732426575112,0.5,3,512,10.301573242657511
2.634708192234764,1.0,2,622,11.854708192234764
2.537507926329499,2.0,5,581,15.347507926329499
2.441421761756001,0.5,1,329,7.2314217617560015
2.209078453436761,1.0,2,676,11.969078453436762
2.6019620776837797,1.5,4,964,17.74196207768378
2.4160044603237214,1.0,1,711,11.526004460323723
2.5357084224348525,2.0,3,218,9.715708422434853
2.1422664102560036,1.0,5,287,11.012266410256004
2.5618393970366076,1.0,3,87,7.431839397036607
0.09606029401495786,1.5,3,882,13.416060294014958
1.9749967508730735,1.5,3,295,9.424996750873074
0.7752928397256817,0.5,2,223,5.505292839725682
2.7032833028410357,2.0,4,906,17.76328330284104
0.012047120684215429,2.0,4,983,15.842047120684215
2.248815823354684,1.5,4,938,17.128815823354685
2.195772643741582,2.0,2,314,9.335772643741583
2.695481912614957,2.0,3,825,15.945481912614957
0.736667150851474,2.0,5,569,13.426667150851475
1.6821883482920126,1.5,4,36,7.5421883482920125
1.9869416194261982,2.0,4,843,16.416941619426197
0.9596617638791466,0.5,2,817,11.629661763879147
2.710295976348416,1.0,4,154,9.250295976348415
1.1080592969725238,2.0,5,276,10.868059296972524
1.6313805124036986,1.0,2,466,9.291380512403698
0.5544255229910506,1.5,5,211,9.164425522991051
1.8614536554958887,1.5,2,321,8.571453655495889
0.1441570268878991,1.5,1,74,3.384157026887899
2.379400205949309,1.0,2,406,9.439400205949308
1.269870726220216,1.5,3,942,15.189870726220216
1.958044715590209,1.5,2,632,11.778044715590209
1.928411292989828,2.0,1,956,14.488411292989829
1.843269317881235,2.0,4,27,8.113269317881235
0.8580375953376246,1.5,5,693,14.288037595337624
0.7514244531537173,0.5,3,12,4.371424453153717
2.1994696711454087,0.5,2,256,7.259469671145409
2.5952054398118096,1.5,3,312,10.215205439811811
1.152737477880398,2.0,2,140,6.552737477880399
1.4917399032886445,2.0,4,876,16.251739903288644
0.7603809332224603,2.0,3,75,6.510380933222461
2.22938276591042,2.0,2,696,13.18938276591042
2.117551091357311,2.0,4,117,9.28755109135731
0.02546654185225472,1.5,1,926,11.785466541852255
1.652940164602048,1.5,2,866,13.812940164602049
2.53706715287104,2.0,4,464,13.17706715287104
2.0032728929937482,0.5,4,707,13.57327289299375
1.1090759736748623,0.5,1,498,7.589075973674863
0.27371129625986446,1.0,2,562,8.893711296259864
0.1663641659276447,2.0,4,899,15.156364165927645
1.8131223585372593,1.5,2,147,6.783122358537259
2.9332508344032364,2.0,4,844,17.373250834403237
1.908943112241739,1.5,1,711,11.51894311224174
0.723027423734707,1.5,4,985,16.073027423734707
2.0969501910910044,1.0,2,428,9.376950191091005
0.7659580458171661,0.5,1,64,2.905958045817166
0.8905176047874648,0.5,5,767,14.060517604787464
1.424893245540575,2.0,1,452,8.944893245540575
2.8948803931868454,1.5,3,541,12.804880393186846
0.02405080104192181,1.0,1,466,6.684050801041922
0.0202055776404505,1.5,5,981,16.33020557764045
2.6917153116434056,1.0,1,369,8.381715311643406
1.3105577501385253,0.5,1,930,12.110557750138526
0.014100782665716793,1.0,4,634,11.354100782665716
0.1725841034455855,2.0,5,392,11.092584103445585
0.8620108309210535,0.5,1,135,3.7120108309210536
2.376402678274096,1.0,2,407,9.446402678274097
0.24949352855282603,0.5,1,207,3.819493528552826
2.235678827434638,0.5,2,268,7.415678827434638
1.2929428879513987,2.0,5,415,12.442942887951398
2.5727255393362527,2.0,3,817,15.742725539336252
1.2740861740934948,1.5,2,627,11.044086174093493
0.06700600347313923,0.5,1,68,2.2470060034731394
1.0207958515698161,2.0,5,146,9.480795851569816
1.1214308713588457,1.5,3,512,10.741430871358846
2.2149646703309687,1.0,4,605,13.264964670330968
2.2179293096152435,1.5,3,846,15.177929309615244
2.680327081099008,1.0,4,832,16.00032708109901
0.07025545012690093,1.5,2,569,9.260255450126902
2.122180677473249,1.0,3,771,13.83218067747325
2.9671368784171435,1.0,1,324,8.207136878417144
1.287343969453146,1.0,4,203,8.317343969453146
1.689255804170354,1.5,3,754,13.729255804170354
2.703024841012922,0.5,1,420,8.403024841012922
0.8766843337133242,2.0,1,943,13.306684333713324
1.814311103713254,1.5,3,441,10.724311103713255
1.2896336839709155,1.0,4,118,7.469633683970915
2.5370792208556967,1.5,1,848,13.517079220855697
1.323145801014523,0.5,2,234,6.163145801014522
1.0491096247169431,0.5,1,284,5.3891096247169425
2.410048081066175,1.0,2,286,8.270048081066175
0.5192750786527264,0.5,4,68,5.699275078652726
0.8481838733733125,1.5,2,882,13.168183873373312
0.8984650860169575,1.5,4,584,12.238465086016957
2.3214236935748955,1.5,3,139,8.211423693574895
2.9942060099480683,1.5,3,371,11.204206009948068
1.9264284948669201,1.5,5,13,8.556428494866921
1.4427419717872165,0.5,1,907,12.012741971787218
2.6416822129480826,1.5,2,973,15.871682212948084
1.2142187423664679,1.0,2,244,6.654218742366467
0.9191338077636467,1.0,1,948,12.399133807763647
0.04976827376067272,2.0,4,32,6.369768273760673
0.008125897738326837,2.0,5,311,10.118125897738327
1.5978625245307665,1.0,3,141,7.007862524530767
1.827467320456537,1.5,3,599,12.317467320456537
0.8610505264117759,1.5,4,820,14.561050526411776
0.7639587298724471,1.0,3,929,14.053958729872447
2.465082017186921,2.0,1,75,6.215082017186921
1.615061120115486,2.0,1,424,8.855061120115487
2.3318623252699338,0.5,3,316,8.991862325269935
1.6919884499294346,2.0,5,411,12.801988449929436
0.7207627413502046,2.0,3,929,15.010762741350204
2.2961535835867553,1.5,5,505,13.846153583586755
1.6925983166563632,1.0,4,151,8.202598316656363
1.1608655164584478,1.5,5,778,15.440865516458448
0.7007774195592692,1.0,1,584,8.54077741955927
2.735648220812279,0.5,3,447,10.705648220812279
1.1319537474653656,0.5,3,208,6.711953747465365
0.21735800422338591,0.5,2,513,7.847358004223386
0.5159448672707583,0.5,4,773,12.745944867270758
1.1540811768956174,2.0,5,643,14.584081176895618
1.3322571325578507,1.5,5,315,10.982257132557852
2.205750242498509,1.5,3,724,13.945750242498509
0.18234360911438818,1.5,3,976,14.442343609114388
1.7692703322495946,1.5,4,615,13.419270332249596
1.908807194712949,0.5,1,858,11.98880719471295
0.9299521655695273,0.5,4,907,14.499952165569528
0.5213574149233503,1.0,1,918,11.70135741492335
2.049060205684602,0.5,4,269,9.239060205684602
1.5432624848045948,1.0,1,434,7.883262484804595
1.9399555281758136,1.0,1,907,13.009955528175814
0.604269062682282,0.5,2,518,8.28426906268228
0.8750893113450301,0.5,4,741,12.78508931134503
1.4594288970039062,2.0,5,691,15.369428897003907
0.8589364313126424,0.5,5,955,15.908936431312643
2.95021166531137,1.0,1,752,12.47021166531137
1.6687301635465708,1.5,3,105,7.218730163546571
0.23379568712595578,1.5,2,128,5.013795687125956
0.9489053225887242,1.5,2,505,9.498905322588723
1.6630979297564288,0.5,2,892,13.083097929756429
0.6641211330539765,1.5,1,383,6.9941211330539765
2.2717899183944232,1.0,3,833,14.601789918394424
0.48585878170231,1.0,2,7,3.5558587817023097
2.9569511012953624,1.0,1,356,8.516951101295362
0.45057902206524014,0.5,4,141,6.36057902206524
0.9855598025186598,1.0,5,711,14.095559802518661
2.9795212744227975,1.0,1,807,13.049521274422798
0.23294181042783846,0.5,1,774,9.47294181042784
2.2781432473164553,1.5,3,904,15.818143247316454
0.4927482134969031,1.5,2,510,9.092748213496902
2.3596281018364973,1.0,1,636,10.719628101836499
0.6579184288343879,0.5,5,474,10.897918428834387
0.9879906984566156,1.5,1,766,11.147990698456615
2.278968211832006,0.5,1,725,11.028968211832005
0.26420875590802206,0.5,4,227,7.034208755908022
1.8659909715379812,0.5,5,347,10.835990971537981
1.3303184889711384,2.0,1,636,10.690318488971139
1.1935285586963813,1.0,2,652,10.713528558696382
0.6478305716300692,0.5,3,930,13.447830571630071
0.3846425144422094,1.5,2,333,7.214642514442209
0.0639888677177265,1.0,5,353,9.593988867717727
1.7669713358863945,1.0,1,105,4.816971335886395
0.13163655905774152,1.0,5,129,7.421636559057742
2.065724089598622,1.0,2,976,14.825724089598623
0.6834557735807217,0.5,2,386,7.043455773580721
2.739792294339594,1.0,2,519,10.929792294339595
0.9329244858993798,1.0,5,224,9.17292448589938
0.3214695426087376,2.0,5,162,8.941469542608736
0.913106884646683,2.0,1,917,13.083106884646682
0.4760829983160749,1.5,4,317,9.146082998316075
2.5316484607736176,0.5,4,700,14.031648460773617
0.11274638420894356,2.0,5,132,8.432746384208944
1.6713432275215694,1.0,5,844,16.11134322752157
0.10233065933704033,2.0,5,182,8.92233065933704
2.3682876275690896,2.0,1,778,13.14828762756909
0.4411025754382615,1.0,3,88,5.321102575438261
1.1298541672389621,2.0,3,34,6.469854167238962
1.8841311664039337,1.5,1,487,9.254131166403933
2.7332097008579614,1.0,2,96,6.693209700857961
1.9175003391787442,2.0,1,111,6.0275003391787445
1.7994591683967616,2.0,5,58,9.379459168396762
0.3912527914683618,0.5,1,938,11.271252791468363
0.488256183676547,2.0,4,145,7.938256183676548
2.6353640621443484,1.5,5,959,18.725364062144347
1.1792746652505652,1.5,1,254,6.219274665250565
1.8080424790988667,1.5,3,432,10.628042479098866
2.3459855826231153,0.5,2,208,6.925985582623115
2.8932134848126694,2.0,4,959,18.48321348481267
1.818550642966545,2.0,2,692,12.738550642966544
0.6050867140134873,1.0,4,163,7.235086714013487
2.0091662231505207,2.0,5,62,9.62916622315052
1.5478950342929028,0.5,2,438,8.427895034292902
1.3375193251603,2.0,1,636,10.6975193251603
0.4601361649179544,0.5,5,875,14.710136164917955
0.4087065842883716,1.0,2,771,11.118706584288372
2.9763227397342638,2.0,5,413,14.106322739734264
2.1466235279104042,1.0,1,834,12.486623527910403
1.2012012305493927,2.0,5,145,9.651201230549391
2.6812458776764174,1.5,4,439,12.571245877676418
0.5453735013381,2.0,4,716,13.7053735013381
1.7291964803122677,0.5,5,729,14.519196480312267
2.3981744123308033,0.5,1,464,8.538174412330804
0.9208882393896668,2.0,1,874,12.660888239389667
2.4993873635189705,1.0,3,757,14.06938736351897
0.4176527472569226,2.0,1,76,4.177652747256922
0.6812253219299574,1.5,2,588,10.061225321929957
2.1876930122141065,0.5,2,955,14.237693012214107
1.8384088369911151,0.5,4,21,6.548408836991115
1.601009790899384,0.5,4,571,11.811009790899384
0.8522922666316558,1.5,5,452,11.872292266631655
1.9984424449471179,2.0,2,634,12.338442444947118
1.2997345245541616,2.0,2,934,14.63973452455416
1.9168746278486677,0.5,4,93,7.346874627848667
0.9357152502514424,0.5,1,276,5.1957152502514425
0.33313108186112417,1.0,3,56,4.893131081861124
1.994745940461246,1.5,4,179,9.284745940461246
2.2481617843629214,1.0,1,799,12.238161784362921
1.2074589574692163,2.0,5,854,16.747458957469213
0.3962122881089144,1.5,5,355,10.446212288108914
1.4042209939842585,1.0,4,945,15.854220993984258
0.39446078356628766,1.5,1,858,11.474460783566288
0.2698908738421577,0.5,1,846,10.229890873842159
2.76371647847631,1.0,1,273,7.49371647847631
2.264715615160143,0.5,4,128,8.044715615160143
0.7890131285169678,1.5,2,314,7.429013128516969
0.8162303188059308,0.5,5,222,8.53623031880593
0.9904883458144766,0.5,4,798,13.470488345814477
0.11507579657935008,1.5,5,550,12.115075796579351
2.3464496259561747,0.5,4,353,10.376449625956175
0.9020498197462766,1.5,1,609,9.492049819746276
2.542994960513627,2.0,2,459,11.132994960513628
1.8715550700868941,1.5,1,453,8.901555070086895
1.8958018583557787,0.5,4,326,9.65580185835578
0.37922106496594543,2.0,4,189,8.269221064965945
0.4330033952219686,0.5,5,605,11.983003395221967
2.226237834317227,2.0,1,670,11.926237834317227
2.968607646034278,0.5,5,878,17.24860764603428
2.397899190918054,2.0,1,759,12.987899190918053
1.169373636917215,1.5,4,301,9.679373636917216
1.378111693142058,0.5,4,724,13.118111693142058
0.8775522790431043,1.5,3,750,12.877552279043105
2.3390928756510894,2.0,3,430,11.63909287565109
0.1611784777081705,1.0,2,857,11.73117847770817
0.3609648538179657,0.5,1,91,2.770964853817966
2.4834531845326357,1.5,1,997,14.953453184532636
0.9721545097564666,1.0,5,224,9.212154509756466
2.3406125746472632,1.5,2,185,7.690612574647263
0.13822727139818358,2.0,1,968,12.818227271398182
1.8253880068882704,1.0,5,377,11.595388006888271
2.031750417252477,0.5,2,32,4.851750417252477
1.415829792850257,1.0,2,414,8.555829792850258
2.0822871472054523,0.5,1,859,12.172287147205452
0.9691506974811956,1.5,3,107,6.539150697481196
2.9420950002502115,0.5,3,822,14.662095000250211
2.319977454323037,1.0,1,458,8.899977454323038
0.1255703139940918,2.0,1,486,7.985570313994092
0.8229680692361673,0.5,1,274,5.062968069236168
1.744900645790257,0.5,1,71,3.954900645790257
0.19460545972602572,0.5,1,413,5.824605459726026
0.10956007471146356,2.0,5,367,10.779560074711464
2.1965416072416035,1.5,3,303,9.726541607241604
0.8826840838684505,2.0,2,180,6.682684083868451
0.6607423489204544,0.5,2,43,3.5907423489204544
1.8000054745253007,2.0,4,522,13.0200054745253
2.547674167176206,0.5,1,675,10.797674167176206
1.2574507663869579,1.0,1,431,7.5674507663869575
0.9625411703846253,1.0,5,664,13.602541170384626
1.1723857280525112,1.5,5,802,15.69238572805251
2.2361074752469356,1.0,5,291,11.146107475246936
2.9173403948437158,1.0,2,356,9.477340394843717
1.129604579990442,0.5,2,201,5.639604579990442
1.831603295179823,0.5,4,749,13.821603295179823
0.9090405102691578,0.5,5,182,8.229040510269158
1.4755241359409965,0.5,2,512,9.095524135940996
0.15280743692219745,0.5,4,305,7.702807436922197
1.6912100941938943,1.0,4,228,8.971210094193895
2.1149069661257274,0.5,3,971,15.324906966125727
1.2154814117405126,1.0,2,730,11.515481411740513
0.527500132784257,1.5,3,704,12.067500132784257
1.9310420276903142,1.0,2,66,5.591042027690314
1.8240757714722744,1.5,4,40,7.7240757714722745
0.6501246572528621,1.0,2,484,8.490124657252862
0.7509075043414694,2.0,4,498,11.73090750434147
2.119556362414146,2.0,2,467,10.789556362414146
2.1818555872238794,0.5,3,774,13.42185558722388
0.14899811467350577,2.0,4,67,6.818998114673506
2.766289260728122,0.5,5,931,17.576289260728124
1.2711051113221328,0.5,4,776,13.531105111322132
0.301207911591704,2.0,5,487,12.171207911591704
0.6244507059220982,1.0,3,953,14.154450705922098
2.813829965563256,1.0,5,179,10.603829965563257
2.4629278122707587,0.5,1,318,7.142927812270759
0.7099084718301312,2.0,5,599,13.699908471830131
0.5618388769157683,1.0,4,806,13.621838876915769
0.4173270491001424,1.5,3,923,14.147327049100143
2.0439690653134672,1.0,2,797,13.013969065313468
0.7239830507495045,0.5,3,536,9.583983050749506
1.9190125641947435,2.0,5,243,11.349012564194744
1.5602390861906703,2.0,3,174,8.30023908619067
2.1689276960671817,1.5,1,14,4.808927696067181
2.603853780742749,2.0,2,532,11.92385378074275
2.801051742889894,1.5,4,528,13.581051742889894
2.5567923612717007,0.5,2,417,9.2267923612717
2.9399866790921276,1.0,3,484,11.779986679092127
2.127911379791556,2.0,1,269,7.817911379791555
0.5828751825287576,0.5,5,368,9.762875182528758
0.9689707713271372,2.0,5,368,11.648970771327138
1.1733387623593097,1.5,4,767,14.34333876235931
2.6487748985221136,1.0,2,520,10.848774898522112
1.4029921846582616,1.5,2,968,14.582992184658261
2.0105234521245654,1.5,5,988,18.39052345212457
1.2905454065692807,1.5,5,382,11.610545406569281
1.2389633330785097,2.0,4,503,12.26896333307851
0.749464682141824,1.5,4,450,10.749464682141824
2.1265598514472828,0.5,2,830,12.926559851447283
2.7798247554016084,1.0,4,234,10.11982475540161
1.6537334145090594,0.5,1,668,9.833733414509059
0.2084402757676972,0.5,2,201,4.718440275767697
0.15183184761893032,1.5,2,833,11.981831847618931
2.1160399769012663,0.5,1,201,5.626039976901266
0.5230617024538228,2.0,5,10,7.623061702453823
2.013040776456383,0.5,1,856,12.073040776456384
2.5981296617242897,0.5,3,537,11.46812966172429
0.658238261831644,0.5,5,859,14.748238261831645
1.858763236141809,2.0,2,552,11.378763236141808
0.6786225194347038,1.0,4,215,7.828622519434704
0.9300917371737665,2.0,3,520,11.130091737173768
1.0704724546402349,1.0,1,543,8.500472454640235
2.7260563220762957,1.0,5,781,16.536056322076295
0.1138461086153637,1.5,3,936,13.973846108615362
0.5340080465731122,1.0,1,404,6.5740080465731126
1.9571429591788538,1.5,1,643,10.887142959178853
0.43219041895246024,2.0,4,388,10.312190418952461
1.7925509351429096,1.5,4,27,7.562550935142909
1.3654313152349806,1.0,1,986,13.22543131523498
0.41190868644775214,1.5,5,200,8.911908686447752
0.3545388799967213,2.0,1,632,9.674538879996721
1.1401517631358353,1.0,1,866,11.800151763135835
2.678397935220858,1.0,4,978,17.45839793522086
0.4396567128057539,0.5,3,240,6.339656712805754
2.55120243504397,0.5,4,689,13.94120243504397
1.473524597023803,1.5,2,944,14.413524597023802
1.152353548374868,1.5,4,777,14.422353548374868
0.16867455220326277,2.0,4,532,11.488674552203264
2.906196996315949,1.5,3,856,15.966196996315949
1.232862455130114,2.0,1,452,8.752862455130114
0.9097045864831508,1.0,1,539,8.29970458648315
2.006357559586305,0.5,3,277,8.276357559586305
1.1422929528067214,1.0,5,290,10.042292952806722
1.538016819273591,2.0,4,366,11.19801681927359
0.2226388382775908,1.5,1,327,5.992638838277591
1.4231641902339156,1.0,4,794,14.363164190233917
1.0213031431269433,2.0,1,898,13.001303143126943
0.28271992346662156,1.0,4,557,10.852719923466623
2.798328083533198,2.0,3,931,17.1083280835332
1.1406410836088936,1.5,3,535,10.990641083608892
0.002874739894526024,1.0,2,866,11.662874739894526
2.4310713921458973,0.5,1,591,9.841071392145897
1.5962956417791516,1.5,5,4,8.136295641779151
1.2509790045281193,1.0,1,730,10.55097900452812
2.3519292385286144,1.0,5,544,13.791929238528613
0.26350062821059705,2.0,4,670,12.963500628210596
0.2518418975180736,0.5,1,33,2.0818418975180735
1.1973399340504973,0.5,2,930,12.997339934050498
0.33736544064523233,1.0,4,273,8.067365440645233
2.4477891860109087,1.5,1,978,14.727789186010908
2.912729745684234,2.0,4,657,15.482729745684235
0.44858681888833285,1.5,2,707,11.018586818888334
1.5153141489656794,1.0,2,864,13.15531414896568
2.3403304178984117,1.0,1,272,7.060330417898411
2.942192628833781,1.0,5,377,12.71219262883378
2.6424179616694508,2.0,3,583,13.47241796166945
2.4247805288688458,1.0,1,793,12.354780528868845
0.5769267590674138,1.5,1,477,7.846926759067413
1.166060687416369,1.0,1,622,9.386060687416368
0.10488811155405442,2.0,4,338,9.484888111554053
0.08975867870838716,1.5,4,81,6.3997586787083875
0.45177546383635825,2.0,3,256,8.011775463836358
2.3917382453636167,1.5,2,235,8.241738245363617
1.7684805936245738,1.5,5,78,9.048480593624573
0.22564522793098196,2.0,4,310,9.325645227930982
1.217847991047385,1.0,3,383,9.047847991047385
1.4909174109563503,1.0,1,891,12.40091741095635
2.065258829335205,0.5,4,191,8.475258829335205
0.0223681666654989,1.0,1,735,9.372368166665499
0.4640580586479488,1.0,3,666,11.124058058647948
2.3814879129450377,0.5,5,111,8.991487912945038
0.959729998463511,0.5,2,218,5.639729998463512
2.462567678921502,1.0,3,648,12.942567678921503
2.9504188346403777,2.0,1,597,11.920418834640376
2.062409553265086,2.0,5,670,15.762409553265087
2.9438574060177816,0.5,2,119,6.633857406017782
2.305625237281918,0.5,4,143,8.235625237281917
0.6224804314814185,2.0,5,932,16.94248043148142
1.013159936461829,1.0,2,613,10.143159936461828
1.354841783313988,1.0,3,766,13.014841783313988
0.1819864923911787,1.5,4,204,7.721986492391179
1.5435386802404105,2.0,3,261,9.15353868024041
0.03416605091139435,2.0,3,751,12.544166050911393
0.09001340869274677,1.0,4,72,5.810013408692746
1.3647848786292416,1.5,2,95,5.814784878629242
2.6135020074563724,1.0,5,278,11.393502007456371
1.1712411172240764,2.0,5,99,9.161241117224076
2.792425075067123,1.0,5,525,14.042425075067122
2.359644958864754,2.0,1,614,11.499644958864753
1.0148390716822333,1.0,4,616,12.174839071682234
0.8885201298523174,2.0,2,130,6.188520129852317
0.15218413964059574,1.5,3,587,10.522184139640597
0.5097478877529019,1.0,2,25,3.759747887752902
0.3721395050515178,1.5,2,980,13.672139505051518
2.1780079948273903,2.0,2,40,6.578007994827391
0.5222235193943519,1.5,2,543,9.452223519394352
1.139479495689984,1.0,1,431,7.4494794956899835
0.4378070722601184,1.0,2,860,12.037807072260119
1.8640251716971743,0.5,1,731,10.674025171697174
0.21505815147689467,2.0,1,239,5.605058151476895
2.0528558614942725,0.5,1,41,3.9628558614942726
1.2817646850513507,2.0,1,57,4.851764685051351
0.5764286553294165,2.0,4,328,9.856428655329417
1.0992196138746415,1.0,5,107,8.169219613874642
2.8645873876305674,1.0,5,510,13.964587387630568
2.6463055382961684,1.5,3,133,8.476305538296169
2.0239867644143734,1.5,2,556,11.083986764414373
0.9625311719098765,2.0,4,543,12.392531171909877
1.295828879407361,1.5,5,374,11.535828879407362
2.9721365585846184,1.5,5,238,11.852136558584618
0.9091186396605987,0.5,4,838,13.7891186396606
0.11738542997333234,2.0,2,308,7.197385429973332
2.4948271852953887,0.5,5,926,17.25482718529539
2.4980116880848042,1.5,5,545,14.448011688084804
1.166021096538775,1.5,3,595,11.616021096538775
2.2456671052556407,1.5,5,6,8.805667105255642
1.6817973131082231,1.0,1,97,4.651797313108223
1.913997984340317,1.5,2,760,13.013997984340318
0.13648261784660987,2.0,2,164,5.77648261784661
1.5075941201392835,2.0,5,389,12.397594120139285
2.3207240096515465,1.5,1,169,6.510724009651547
1.525326648178644,0.5,2,627,10.295326648178644
2.1092194409668,0.5,4,747,14.0792194409668
0.7815161923463481,2.0,3,1000,15.781516192346349
1.4422657542207116,0.5,1,311,6.052265754220711
0.5467439132116939,2.0,4,269,9.236743913211694
1.6260789712796155,0.5,2,257,6.696078971279615
2.258360345666995,2.0,1,331,8.568360345666996
2.4181384121868574,2.0,4,925,17.668138412186856
2.6418726572322497,2.0,3,458,12.22187265723225
1.2808580417368909,1.5,2,205,6.8308580417368905
2.9510348991510913,0.5,5,413,12.581034899151092
0.7126185484068963,1.5,2,182,6.032618548406896
2.429133047406541,0.5,4,372,10.649133047406542
0.5861863625305214,0.5,3,494,9.02618636253052
1.9409462877518475,0.5,4,124,7.680946287751848
1.1099968558029756,1.0,2,60,4.7099968558029754
1.7094902078132983,1.5,1,97,5.179490207813298
1.2092349751322513,1.5,1,943,13.13923497513225
0.18154558664637144,1.0,3,63,4.811545586646371
1.6958934852053966,1.0,5,610,13.795893485205397
0.30267770216754275,1.5,1,814,10.942677702167543
1.9618455832963924,2.0,3,312,10.081845583296392
2.2280279676038734,0.5,1,194,5.668027967603873
1.2479613746885816,0.5,1,392,6.6679613746885815
2.277192422480212,1.0,5,292,11.197192422480212
0.26447172116038986,1.5,5,661,13.37447172116039
0.8685259780947991,2.0,2,217,7.038525978094799
0.5198982440214289,2.0,4,698,13.499898244021429
0.7193526142265046,1.5,1,634,9.559352614226505
1.9792018834521596,1.0,3,757,13.54920188345216
0.3619348461961259,0.5,5,460,10.461934846196126
1.9529754040405223,0.5,3,146,6.912975404040522
2.925297133443216,0.5,3,114,7.565297133443216
1.2121181168363957,1.0,4,783,14.042118116836395
2.926096341692147,0.5,3,247,8.896096341692147
1.1114388867568632,2.0,5,980,17.911438886756862
1.3363229588656371,1.5,4,69,7.526322958865636
2.804513213086573,1.5,5,905,18.354513213086573
2.648725200459599,2.0,4,308,11.728725200459598
1.5163368312278989,2.0,1,254,7.056336831227899
0.7102040954948152,0.5,3,454,8.750204095494816
2.4520531465761994,2.0,3,201,9.4620531465762
2.8986568303471163,1.0,1,298,7.878656830347117
2.4880232572836656,1.5,3,452,11.508023257283664
1.8797713394604836,1.0,5,194,9.819771339460484
1.4547476651716982,2.0,1,318,7.634747665171698
1.6515511393457565,1.5,4,227,9.421551139345757
1.2017567981444257,1.5,1,192,5.621756798144426
0.17795857343039223,0.5,4,396,8.637958573430392
1.3088475749829862,2.0,4,644,13.748847574982985
0.7916814513292264,2.0,3,982,15.611681451329227
2.0086500860416514,0.5,4,120,7.708650086041652
2.9341159618630446,2.0,2,292,9.854115961863045
1.707693327326686,2.0,1,868,13.387693327326685
2.081023524870603,1.0,1,917,13.251023524870604
0.9904157018712747,1.0,4,579,11.780415701871274
2.5147839090205224,2.0,5,290,12.414783909020523
0.16594717376550971,1.0,4,492,10.08594717376551
2.2266796591739157,1.0,2,578,11.006679659173916
2.520094129662861,2.0,4,707,15.590094129662862
2.8887311223946894,1.5,1,619,11.57873112239469
0.6978333993574444,2.0,5,340,11.097833399357445
1.7742808485826127,1.5,5,621,14.484280848582614
2.047404355714468,0.5,2,282,7.367404355714468
0.6186718461523694,0.5,2,616,9.27867184615237
2.6403693180116043,1.0,3,533,11.970369318011604
0.9403087860605828,1.0,5,467,11.610308786060582
0.9718066446169173,1.5,5,932,16.79180664461692
1.4508779546519097,1.0,4,732,13.77087795465191
2.8627703724457456,1.0,1,7,4.932770372445746
0.41875031918867245,0.5,1,879,10.708750319188672
2.5825816304119273,1.0,4,443,12.012581630411926
1.9566948391447752,0.5,5,851,15.966694839144775
0.22524387096446252,1.5,2,760,11.325243870964462
0.1598928036786017,1.0,1,948,11.639892803678602
0.801493013122623,2.0,1,589,9.691493013122622
1.881659910697163,2.0,5,897,17.851659910697165
1.0107488028631468,2.0,1,772,11.730748802863147
0.4948866049291686,1.5,2,165,5.644886604929169
1.6601840031205395,1.5,4,948,16.640184003120538
2.876878622911913,2.0,2,236,9.236878622911913
0.9255291332018087,1.5,3,771,13.135529133201809
1.0748320473336197,1.0,1,349,6.56483204733362
1.77582262990926,1.0,2,557,10.34582262990926
1.4515980710516116,1.5,5,548,13.431598071051612
1.2724824216687645,0.5,2,830,12.072482421668765
1.6130426481761422,0.5,2,993,14.043042648176142
1.6844609395613679,2.0,3,488,11.564460939561368
1.546943326061166,0.5,4,765,13.696943326061167
0.8670234253892046,1.5,3,403,9.397023425389204
2.7186510665249135,2.0,2,511,11.828651066524912
2.4431317414717597,2.0,5,670,16.14313174147176
0.7445974395473985,0.5,3,830,12.544597439547399
0.15703970147169954,0.5,5,47,6.127039701471699
2.2472796520329883,1.0,4,273,9.977279652032989
2.8046036230798777,1.0,3,650,13.304603623079878
2.0263904649519238,1.0,3,480,10.826390464951924
1.5218964112199818,2.0,4,913,16.651896411219983
1.1882068591091548,1.0,3,10,5.288206859109154
2.7390380750370222,0.5,1,998,14.219038075037023
2.13969418162313,2.0,4,906,17.19969418162313
0.7977923175506099,1.5,2,143,5.72779231755061
1.0611670895156136,2.0,1,336,7.421167089515613
1.4803536814098162,1.5,4,380,10.780353681409817
0.3739472866179422,0.5,5,233,8.203947286617943
1.4986355725523275,1.5,5,12,8.118635572552327
2.6687496955191747,2.0,5,99,10.658749695519175
1.8216396884508217,2.0,2,167,7.491639688450822
0.638824406311575,0.5,1,321,5.348824406311575
2.6725999666632356,1.5,4,261,10.782599966663234
1.2668512593173622,2.0,2,3,5.2968512593173624
2.81643248756023,0.5,2,805,13.36643248756023
1.4655560525181017,2.0,3,442,10.885556052518101
0.953773035739018,1.0,5,773,14.68377303573902
1.1255003330306712,1.5,1,138,5.005500333030671
2.2539817713806793,1.5,1,986,14.61398177138068
